-0.46112,0.42520,0.22960
-0.46112,0.42520,0.22960
-0.46112,0.42520,0.22960
-0.46112,0.42520,0.22960
-0.46112,0.42520,0.22960
-0.46112,0.42520,0.22960
-0.46112,0.42520,0.22960
-0.46112,0.42520,0.22960
-0.46112,0.42520,0.22960
-0.46112,0.42520,0.22960
-0.46112,0.42520,0.22960
-0.46112,0.42520,0.22960
-0.46112,0.42520,0.22960
-0.46112,0.42520,0.22960
-0.46112,0.42520,0.22960
-0.46112,0.42520,0.22960
-0.46112,0.42520,0.22960
-0.46112,0.42520,0.22960
-0.46112,0.42520,0.22960
-0.46112,0.42520,0.22960
-0.46112,0.42520,0.22960
-0.46112,0.42520,0.22960
-0.46112,0.42520,0.22960
-0.46112,0.42520,0.22960
-0.46112,0.42520,0.22960
-0.46112,0.42520,0.22960
-0.46112,0.42520,0.22960
-0.46112,0.42520,0.22960
-0.46112,0.42520,0.22960
-0.46112,0.42520,0.22960
-0.46112,0.42520,0.22960
-0.46112,0.42520,0.22960
-0.46112,0.42520,0.22960
-0.46139,0.42483,0.22964
-0.46139,0.42483,0.22964
-0.46139,0.42483,0.22964
-0.46139,0.42483,0.22964
-0.46139,0.42483,0.22964
-0.46194,0.42393,0.22970
-0.46194,0.42393,0.22970
-0.46194,0.42393,0.22970
-0.46194,0.42393,0.22970
-0.46194,0.42393,0.22970
-0.46225,0.42289,0.22960
-0.46225,0.42289,0.22960
-0.46225,0.42289,0.22960
-0.46225,0.42289,0.22960
-0.46225,0.42289,0.22960
-0.46252,0.42159,0.22958
-0.46252,0.42159,0.22958
-0.46252,0.42159,0.22958
-0.46252,0.42159,0.22958
-0.46252,0.42159,0.22958
-0.46296,0.41985,0.22964
-0.46296,0.41985,0.22964
-0.46296,0.41985,0.22964
-0.46296,0.41985,0.22964
-0.46296,0.41985,0.22964
-0.46355,0.41786,0.22973
-0.46355,0.41786,0.22973
-0.46355,0.41786,0.22973
-0.46355,0.41786,0.22973
-0.46355,0.41786,0.22973
-0.46418,0.41578,0.22978
-0.46418,0.41578,0.22978
-0.46418,0.41578,0.22978
-0.46418,0.41578,0.22978
-0.46418,0.41578,0.22978
-0.46495,0.41364,0.22997
-0.46495,0.41364,0.22997
-0.46495,0.41364,0.22997
-0.46495,0.41364,0.22997
-0.46495,0.41364,0.22997
-0.46577,0.41140,0.23025
-0.46577,0.41140,0.23025
-0.46577,0.41140,0.23025
-0.46577,0.41140,0.23025
-0.46577,0.41140,0.23025
-0.46665,0.40928,0.23073
-0.46665,0.40928,0.23073
-0.46665,0.40928,0.23073
-0.46665,0.40928,0.23073
-0.46665,0.40928,0.23073
-0.46751,0.40722,0.23132
-0.46751,0.40722,0.23132
-0.46751,0.40722,0.23132
-0.46751,0.40722,0.23132
-0.46751,0.40722,0.23132
-0.46835,0.40513,0.23194
-0.46835,0.40513,0.23194
-0.46835,0.40513,0.23194
-0.46835,0.40513,0.23194
-0.46835,0.40513,0.23194
-0.46912,0.40310,0.23263
-0.46912,0.40310,0.23263
-0.46912,0.40310,0.23263
-0.46912,0.40310,0.23263
-0.46912,0.40310,0.23263
-0.46975,0.40118,0.23328
-0.46975,0.40118,0.23328
-0.46975,0.40118,0.23328
-0.46975,0.40118,0.23328
-0.47027,0.39927,0.23390
-0.47027,0.39927,0.23390
-0.47027,0.39927,0.23390
-0.47027,0.39927,0.23390
-0.47027,0.39927,0.23390
-0.47027,0.39927,0.23390
-0.47070,0.39744,0.23461
-0.47070,0.39744,0.23461
-0.47070,0.39744,0.23461
-0.47070,0.39744,0.23461
-0.47070,0.39744,0.23461
-0.47095,0.39566,0.23531
-0.47095,0.39566,0.23531
-0.47095,0.39566,0.23531
-0.47095,0.39566,0.23531
-0.47095,0.39566,0.23531
-0.47112,0.39393,0.23607
-0.47112,0.39393,0.23607
-0.47112,0.39393,0.23607
-0.47112,0.39393,0.23607
-0.47112,0.39393,0.23607
-0.47128,0.39208,0.23685
-0.47128,0.39208,0.23685
-0.47128,0.39208,0.23685
-0.47128,0.39208,0.23685
-0.47128,0.39208,0.23685
-0.47142,0.39015,0.23756
-0.47142,0.39015,0.23756
-0.47142,0.39015,0.23756
-0.47142,0.39015,0.23756
-0.47142,0.39015,0.23756
-0.47155,0.38818,0.23824
-0.47155,0.38818,0.23824
-0.47155,0.38818,0.23824
-0.47155,0.38818,0.23824
-0.47155,0.38818,0.23824
-0.47163,0.38620,0.23890
-0.47163,0.38620,0.23890
-0.47163,0.38620,0.23890
-0.47163,0.38620,0.23890
-0.47170,0.38422,0.23967
-0.47170,0.38422,0.23967
-0.47170,0.38422,0.23967
-0.47170,0.38422,0.23967
-0.47170,0.38422,0.23967
-0.47170,0.38422,0.23967
-0.47171,0.38224,0.24044
-0.47171,0.38224,0.24044
-0.47171,0.38224,0.24044
-0.47171,0.38224,0.24044
-0.47171,0.38224,0.24044
-0.47170,0.38028,0.24129
-0.47170,0.38028,0.24129
-0.47170,0.38028,0.24129
-0.47170,0.38028,0.24129
-0.47170,0.38028,0.24129
-0.47171,0.37836,0.24218
-0.47171,0.37836,0.24218
-0.47171,0.37836,0.24218
-0.47171,0.37836,0.24218
-0.47171,0.37836,0.24218
-0.47174,0.37636,0.24300
-0.47174,0.37636,0.24300
-0.47174,0.37636,0.24300
-0.47174,0.37636,0.24300
-0.47179,0.37428,0.24383
-0.47179,0.37428,0.24383
-0.47179,0.37428,0.24383
-0.47179,0.37428,0.24383
-0.47179,0.37428,0.24383
-0.47179,0.37428,0.24383
-0.47187,0.37218,0.24478
-0.47187,0.37218,0.24478
-0.47187,0.37218,0.24478
-0.47187,0.37218,0.24478
-0.47187,0.37218,0.24478
-0.47199,0.37013,0.24589
-0.47199,0.37013,0.24589
-0.47199,0.37013,0.24589
-0.47199,0.37013,0.24589
-0.47199,0.37013,0.24589
-0.47207,0.36808,0.24696
-0.47207,0.36808,0.24696
-0.47207,0.36808,0.24696
-0.47207,0.36808,0.24696
-0.47207,0.36808,0.24696
-0.47213,0.36601,0.24793
-0.47213,0.36601,0.24793
-0.47213,0.36601,0.24793
-0.47213,0.36601,0.24793
-0.47213,0.36601,0.24793
-0.47216,0.36393,0.24890
-0.47216,0.36393,0.24890
-0.47216,0.36393,0.24890
-0.47216,0.36393,0.24890
-0.47216,0.36393,0.24890
-0.47219,0.36192,0.25000
-0.47219,0.36192,0.25000
-0.47219,0.36192,0.25000
-0.47219,0.36192,0.25000
-0.47219,0.36192,0.25000
-0.47226,0.35992,0.25122
-0.47226,0.35992,0.25122
-0.47226,0.35992,0.25122
-0.47226,0.35992,0.25122
-0.47226,0.35992,0.25122
-0.47233,0.35789,0.25239
-0.47233,0.35789,0.25239
-0.47233,0.35789,0.25239
-0.47233,0.35789,0.25239
-0.47233,0.35789,0.25239
-0.47236,0.35579,0.25340
-0.47236,0.35579,0.25340
-0.47236,0.35579,0.25340
-0.47236,0.35579,0.25340
-0.47236,0.35579,0.25340
-0.47243,0.35363,0.25448
-0.47243,0.35363,0.25448
-0.47243,0.35363,0.25448
-0.47243,0.35363,0.25448
-0.47243,0.35363,0.25448
-0.47257,0.35144,0.25572
-0.47257,0.35144,0.25572
-0.47257,0.35144,0.25572
-0.47257,0.35144,0.25572
-0.47257,0.35144,0.25572
-0.47269,0.34929,0.25703
-0.47269,0.34929,0.25703
-0.47269,0.34929,0.25703
-0.47269,0.34929,0.25703
-0.47269,0.34929,0.25703
-0.47274,0.34715,0.25820
-0.47274,0.34715,0.25820
-0.47274,0.34715,0.25820
-0.47274,0.34715,0.25820
-0.47274,0.34715,0.25820
-0.47275,0.34500,0.25925
-0.47275,0.34500,0.25925
-0.47275,0.34500,0.25925
-0.47275,0.34500,0.25925
-0.47275,0.34500,0.25925
-0.47283,0.34285,0.26046
-0.47283,0.34285,0.26046
-0.47283,0.34285,0.26046
-0.47283,0.34285,0.26046
-0.47283,0.34285,0.26046
-0.47294,0.34068,0.26179
-0.47294,0.34068,0.26179
-0.47294,0.34068,0.26179
-0.47294,0.34068,0.26179
-0.47294,0.34068,0.26179
-0.47308,0.33850,0.26311
-0.47308,0.33850,0.26311
-0.47308,0.33850,0.26311
-0.47308,0.33850,0.26311
-0.47308,0.33850,0.26311
-0.47315,0.33629,0.26425
-0.47315,0.33629,0.26425
-0.47315,0.33629,0.26425
-0.47315,0.33629,0.26425
-0.47315,0.33629,0.26425
-0.47318,0.33411,0.26542
-0.47318,0.33411,0.26542
-0.47318,0.33411,0.26542
-0.47318,0.33411,0.26542
-0.47318,0.33411,0.26542
-0.47325,0.33199,0.26679
-0.47325,0.33199,0.26679
-0.47325,0.33199,0.26679
-0.47325,0.33199,0.26679
-0.47325,0.33199,0.26679
-0.47334,0.32985,0.26824
-0.47334,0.32985,0.26824
-0.47334,0.32985,0.26824
-0.47334,0.32985,0.26824
-0.47334,0.32985,0.26824
-0.47342,0.32766,0.26955
-0.47342,0.32766,0.26955
-0.47342,0.32766,0.26955
-0.47342,0.32766,0.26955
-0.47342,0.32766,0.26955
-0.47349,0.32546,0.27076
-0.47349,0.32546,0.27076
-0.47349,0.32546,0.27076
-0.47349,0.32546,0.27076
-0.47349,0.32546,0.27076
-0.47357,0.32326,0.27204
-0.47357,0.32326,0.27204
-0.47357,0.32326,0.27204
-0.47357,0.32326,0.27204
-0.47357,0.32326,0.27204
-0.47367,0.32114,0.27352
-0.47367,0.32114,0.27352
-0.47367,0.32114,0.27352
-0.47367,0.32114,0.27352
-0.47367,0.32114,0.27352
-0.47373,0.31905,0.27500
-0.47373,0.31905,0.27500
-0.47373,0.31905,0.27500
-0.47373,0.31905,0.27500
-0.47373,0.31905,0.27500
-0.47374,0.31695,0.27629
-0.47374,0.31695,0.27629
-0.47374,0.31695,0.27629
-0.47374,0.31695,0.27629
-0.47374,0.31695,0.27629
-0.47378,0.31481,0.27760
-0.47378,0.31481,0.27760
-0.47378,0.31481,0.27760
-0.47378,0.31481,0.27760
-0.47378,0.31481,0.27760
-0.47387,0.31263,0.27908
-0.47387,0.31263,0.27908
-0.47387,0.31263,0.27908
-0.47387,0.31263,0.27908
-0.47387,0.31263,0.27908
-0.47401,0.31045,0.28064
-0.47401,0.31045,0.28064
-0.47401,0.31045,0.28064
-0.47401,0.31045,0.28064
-0.47401,0.31045,0.28064
-0.47412,0.30831,0.28207
-0.47412,0.30831,0.28207
-0.47412,0.30831,0.28207
-0.47412,0.30831,0.28207
-0.47413,0.30622,0.28340
-0.47413,0.30622,0.28340
-0.47413,0.30622,0.28340
-0.47413,0.30622,0.28340
-0.47413,0.30622,0.28340
-0.47413,0.30622,0.28340
-0.47413,0.30416,0.28487
-0.47413,0.30416,0.28487
-0.47413,0.30416,0.28487
-0.47413,0.30416,0.28487
-0.47413,0.30416,0.28487
-0.47417,0.30208,0.28648
-0.47417,0.30208,0.28648
-0.47417,0.30208,0.28648
-0.47417,0.30208,0.28648
-0.47417,0.30208,0.28648
-0.47423,0.29998,0.28799
-0.47423,0.29998,0.28799
-0.47423,0.29998,0.28799
-0.47423,0.29998,0.28799
-0.47423,0.29998,0.28799
-0.47429,0.29787,0.28939
-0.47429,0.29787,0.28939
-0.47429,0.29787,0.28939
-0.47429,0.29787,0.28939
-0.47429,0.29787,0.28939
-0.47435,0.29576,0.29086
-0.47435,0.29576,0.29086
-0.47435,0.29576,0.29086
-0.47435,0.29576,0.29086
-0.47435,0.29576,0.29086
-0.47440,0.29369,0.29251
-0.47440,0.29369,0.29251
-0.47440,0.29369,0.29251
-0.47440,0.29369,0.29251
-0.47440,0.29369,0.29251
-0.47440,0.29162,0.29406
-0.47440,0.29162,0.29406
-0.47440,0.29162,0.29406
-0.47440,0.29162,0.29406
-0.47440,0.29162,0.29406
-0.47442,0.28957,0.29553
-0.47442,0.28957,0.29553
-0.47442,0.28957,0.29553
-0.47442,0.28957,0.29553
-0.47442,0.28957,0.29553
-0.47443,0.28750,0.29703
-0.47443,0.28750,0.29703
-0.47443,0.28750,0.29703
-0.47443,0.28750,0.29703
-0.47443,0.28750,0.29703
-0.47450,0.28545,0.29872
-0.47450,0.28545,0.29872
-0.47450,0.28545,0.29872
-0.47450,0.28545,0.29872
-0.47450,0.28545,0.29872
-0.47458,0.28336,0.30038
-0.47458,0.28336,0.30038
-0.47458,0.28336,0.30038
-0.47458,0.28336,0.30038
-0.47458,0.28336,0.30038
-0.47460,0.28131,0.30185
-0.47460,0.28131,0.30185
-0.47460,0.28131,0.30185
-0.47460,0.28131,0.30185
-0.47460,0.28131,0.30185
-0.47456,0.27931,0.30333
-0.47456,0.27931,0.30333
-0.47456,0.27931,0.30333
-0.47456,0.27931,0.30333
-0.47456,0.27931,0.30333
-0.47455,0.27733,0.30505
-0.47455,0.27733,0.30505
-0.47455,0.27733,0.30505
-0.47455,0.27733,0.30505
-0.47455,0.27733,0.30505
-0.47457,0.27530,0.30679
-0.47457,0.27530,0.30679
-0.47457,0.27530,0.30679
-0.47457,0.27530,0.30679
-0.47457,0.27530,0.30679
-0.47461,0.27326,0.30835
-0.47461,0.27326,0.30835
-0.47461,0.27326,0.30835
-0.47461,0.27326,0.30835
-0.47461,0.27326,0.30835
-0.47464,0.27120,0.30985
-0.47464,0.27120,0.30985
-0.47464,0.27120,0.30985
-0.47464,0.27120,0.30985
-0.47464,0.27120,0.30985
-0.47466,0.26917,0.31152
-0.47466,0.26917,0.31152
-0.47466,0.26917,0.31152
-0.47466,0.26917,0.31152
-0.47464,0.26718,0.31327
-0.47464,0.26718,0.31327
-0.47464,0.26718,0.31327
-0.47464,0.26718,0.31327
-0.47464,0.26718,0.31327
-0.47462,0.26523,0.31490
-0.47462,0.26523,0.31490
-0.47462,0.26523,0.31490
-0.47462,0.26523,0.31490
-0.47462,0.26523,0.31490
-0.47456,0.26325,0.31644
-0.47456,0.26325,0.31644
-0.47456,0.26325,0.31644
-0.47456,0.26325,0.31644
-0.47456,0.26325,0.31644
-0.47456,0.26325,0.31644
-0.47456,0.26127,0.31815
-0.47456,0.26127,0.31815
-0.47456,0.26127,0.31815
-0.47456,0.26127,0.31815
-0.47456,0.26127,0.31815
-0.47458,0.25924,0.31996
-0.47458,0.25924,0.31996
-0.47458,0.25924,0.31996
-0.47458,0.25924,0.31996
-0.47458,0.25924,0.31996
-0.47455,0.25720,0.32159
-0.47455,0.25720,0.32159
-0.47455,0.25720,0.32159
-0.47455,0.25720,0.32159
-0.47455,0.25720,0.32159
-0.47446,0.25521,0.32314
-0.47446,0.25521,0.32314
-0.47446,0.25521,0.32314
-0.47446,0.25521,0.32314
-0.47446,0.25521,0.32314
-0.47431,0.25324,0.32481
-0.47431,0.25324,0.32481
-0.47431,0.25324,0.32481
-0.47431,0.25324,0.32481
-0.47431,0.25324,0.32481
-0.47420,0.25125,0.32666
-0.47420,0.25125,0.32666
-0.47420,0.25125,0.32666
-0.47420,0.25125,0.32666
-0.47420,0.25125,0.32666
-0.47411,0.24924,0.32844
-0.47411,0.24924,0.32844
-0.47411,0.24924,0.32844
-0.47411,0.24924,0.32844
-0.47411,0.24924,0.32844
-0.47407,0.24724,0.33006
-0.47407,0.24724,0.33006
-0.47407,0.24724,0.33006
-0.47407,0.24724,0.33006
-0.47407,0.24724,0.33006
-0.47403,0.24527,0.33180
-0.47403,0.24527,0.33180
-0.47403,0.24527,0.33180
-0.47403,0.24527,0.33180
-0.47403,0.24527,0.33180
-0.47405,0.24335,0.33374
-0.47405,0.24335,0.33374
-0.47405,0.24335,0.33374
-0.47405,0.24335,0.33374
-0.47405,0.24335,0.33374
-0.47402,0.24145,0.33559
-0.47402,0.24145,0.33559
-0.47402,0.24145,0.33559
-0.47402,0.24145,0.33559
-0.47402,0.24145,0.33559
-0.47402,0.23955,0.33732
-0.47402,0.23955,0.33732
-0.47402,0.23955,0.33732
-0.47402,0.23955,0.33732
-0.47402,0.23955,0.33732
-0.47402,0.23765,0.33910
-0.47402,0.23765,0.33910
-0.47402,0.23765,0.33910
-0.47402,0.23765,0.33910
-0.47402,0.23765,0.33910
-0.47405,0.23570,0.34103
-0.47405,0.23570,0.34103
-0.47405,0.23570,0.34103
-0.47405,0.23570,0.34103
-0.47405,0.23570,0.34103
-0.47412,0.23375,0.34297
-0.47412,0.23375,0.34297
-0.47412,0.23375,0.34297
-0.47412,0.23375,0.34297
-0.47412,0.23375,0.34297
-0.47413,0.23184,0.34474
-0.47413,0.23184,0.34474
-0.47413,0.23184,0.34474
-0.47413,0.23184,0.34474
-0.47413,0.23184,0.34474
-0.47409,0.22996,0.34648
-0.47409,0.22996,0.34648
-0.47409,0.22996,0.34648
-0.47409,0.22996,0.34648
-0.47409,0.22996,0.34648
-0.47404,0.22808,0.34839
-0.47404,0.22808,0.34839
-0.47404,0.22808,0.34839
-0.47404,0.22808,0.34839
-0.47404,0.22808,0.34839
-0.47399,0.22615,0.35034
-0.47399,0.22615,0.35034
-0.47399,0.22615,0.35034
-0.47399,0.22615,0.35034
-0.47399,0.22615,0.35034
-0.47399,0.22421,0.35217
-0.47399,0.22421,0.35217
-0.47399,0.22421,0.35217
-0.47399,0.22421,0.35217
-0.47399,0.22421,0.35217
-0.47398,0.22226,0.35387
-0.47398,0.22226,0.35387
-0.47398,0.22226,0.35387
-0.47398,0.22226,0.35387
-0.47398,0.22226,0.35387
-0.47396,0.22035,0.35566
-0.47396,0.22035,0.35566
-0.47396,0.22035,0.35566
-0.47396,0.22035,0.35566
-0.47396,0.22035,0.35566
-0.47396,0.21845,0.35760
-0.47396,0.21845,0.35760
-0.47396,0.21845,0.35760
-0.47396,0.21845,0.35760
-0.47396,0.21845,0.35760
-0.47396,0.21654,0.35947
-0.47396,0.21654,0.35947
-0.47396,0.21654,0.35947
-0.47396,0.21654,0.35947
-0.47396,0.21654,0.35947
-0.47398,0.21464,0.36125
-0.47398,0.21464,0.36125
-0.47398,0.21464,0.36125
-0.47398,0.21464,0.36125
-0.47398,0.21464,0.36125
-0.47400,0.21272,0.36300
-0.47400,0.21272,0.36300
-0.47400,0.21272,0.36300
-0.47400,0.21272,0.36300
-0.47400,0.21272,0.36300
-0.47407,0.21080,0.36488
-0.47407,0.21080,0.36488
-0.47407,0.21080,0.36488
-0.47407,0.21080,0.36488
-0.47407,0.21080,0.36488
-0.47414,0.20890,0.36683
-0.47414,0.20890,0.36683
-0.47414,0.20890,0.36683
-0.47414,0.20890,0.36683
-0.47414,0.20890,0.36683
-0.47420,0.20703,0.36866
-0.47420,0.20703,0.36866
-0.47420,0.20703,0.36866
-0.47420,0.20703,0.36866
-0.47420,0.20703,0.36866
-0.47423,0.20515,0.37041
-0.47423,0.20515,0.37041
-0.47423,0.20515,0.37041
-0.47423,0.20515,0.37041
-0.47423,0.20515,0.37041
-0.47425,0.20324,0.37221
-0.47425,0.20324,0.37221
-0.47425,0.20324,0.37221
-0.47425,0.20324,0.37221
-0.47425,0.20324,0.37221
-0.47430,0.20128,0.37409
-0.47430,0.20128,0.37409
-0.47430,0.20128,0.37409
-0.47430,0.20128,0.37409
-0.47430,0.20128,0.37409
-0.47436,0.19932,0.37598
-0.47436,0.19932,0.37598
-0.47436,0.19932,0.37598
-0.47436,0.19932,0.37598
-0.47436,0.19932,0.37598
-0.47441,0.19740,0.37774
-0.47441,0.19740,0.37774
-0.47441,0.19740,0.37774
-0.47441,0.19740,0.37774
-0.47441,0.19740,0.37774
-0.47443,0.19549,0.37945
-0.47443,0.19549,0.37945
-0.47443,0.19549,0.37945
-0.47443,0.19549,0.37945
-0.47443,0.19549,0.37945
-0.47445,0.19357,0.38122
-0.47445,0.19357,0.38122
-0.47445,0.19357,0.38122
-0.47445,0.19357,0.38122
-0.47445,0.19357,0.38122
-0.47449,0.19162,0.38307
-0.47449,0.19162,0.38307
-0.47449,0.19162,0.38307
-0.47449,0.19162,0.38307
-0.47458,0.18962,0.38491
-0.47458,0.18962,0.38491
-0.47458,0.18962,0.38491
-0.47458,0.18962,0.38491
-0.47458,0.18962,0.38491
-0.47458,0.18962,0.38491
-0.47467,0.18767,0.38667
-0.47467,0.18767,0.38667
-0.47467,0.18767,0.38667
-0.47467,0.18767,0.38667
-0.47467,0.18767,0.38667
-0.47475,0.18576,0.38836
-0.47475,0.18576,0.38836
-0.47475,0.18576,0.38836
-0.47475,0.18576,0.38836
-0.47475,0.18576,0.38836
-0.47483,0.18383,0.39009
-0.47483,0.18383,0.39009
-0.47483,0.18383,0.39009
-0.47483,0.18383,0.39009
-0.47483,0.18383,0.39009
-0.47491,0.18185,0.39188
-0.47491,0.18185,0.39188
-0.47491,0.18185,0.39188
-0.47491,0.18185,0.39188
-0.47491,0.18185,0.39188
-0.47501,0.17982,0.39370
-0.47501,0.17982,0.39370
-0.47501,0.17982,0.39370
-0.47501,0.17982,0.39370
-0.47501,0.17982,0.39370
-0.47509,0.17782,0.39543
-0.47509,0.17782,0.39543
-0.47509,0.17782,0.39543
-0.47509,0.17782,0.39543
-0.47509,0.17782,0.39543
-0.47517,0.17586,0.39708
-0.47517,0.17586,0.39708
-0.47517,0.17586,0.39708
-0.47517,0.17586,0.39708
-0.47517,0.17586,0.39708
-0.47523,0.17389,0.39871
-0.47523,0.17389,0.39871
-0.47523,0.17389,0.39871
-0.47523,0.17389,0.39871
-0.47523,0.17389,0.39871
-0.47530,0.17186,0.40038
-0.47530,0.17186,0.40038
-0.47530,0.17186,0.40038
-0.47530,0.17186,0.40038
-0.47530,0.17186,0.40038
-0.47539,0.16979,0.40210
-0.47539,0.16979,0.40210
-0.47539,0.16979,0.40210
-0.47539,0.16979,0.40210
-0.47539,0.16979,0.40210
-0.47547,0.16773,0.40380
-0.47547,0.16773,0.40380
-0.47547,0.16773,0.40380
-0.47547,0.16773,0.40380
-0.47547,0.16773,0.40380
-0.47556,0.16572,0.40542
-0.47556,0.16572,0.40542
-0.47556,0.16572,0.40542
-0.47556,0.16572,0.40542
-0.47556,0.16572,0.40542
-0.47564,0.16373,0.40699
-0.47564,0.16373,0.40699
-0.47564,0.16373,0.40699
-0.47564,0.16373,0.40699
-0.47564,0.16373,0.40699
-0.47575,0.16168,0.40858
-0.47575,0.16168,0.40858
-0.47575,0.16168,0.40858
-0.47575,0.16168,0.40858
-0.47575,0.16168,0.40858
-0.47586,0.15956,0.41019
-0.47586,0.15956,0.41019
-0.47586,0.15956,0.41019
-0.47586,0.15956,0.41019
-0.47586,0.15956,0.41019
-0.47598,0.15742,0.41182
-0.47598,0.15742,0.41182
-0.47598,0.15742,0.41182
-0.47598,0.15742,0.41182
-0.47598,0.15742,0.41182
-0.47606,0.15536,0.41342
-0.47606,0.15536,0.41342
-0.47606,0.15536,0.41342
-0.47606,0.15536,0.41342
-0.47606,0.15536,0.41342
-0.47612,0.15332,0.41495
-0.47612,0.15332,0.41495
-0.47612,0.15332,0.41495
-0.47612,0.15332,0.41495
-0.47612,0.15332,0.41495
-0.47620,0.15123,0.41645
-0.47620,0.15123,0.41645
-0.47620,0.15123,0.41645
-0.47620,0.15123,0.41645
-0.47620,0.15123,0.41645
-0.47629,0.14905,0.41793
-0.47629,0.14905,0.41793
-0.47629,0.14905,0.41793
-0.47629,0.14905,0.41793
-0.47629,0.14905,0.41793
-0.47639,0.14687,0.41939
-0.47639,0.14687,0.41939
-0.47639,0.14687,0.41939
-0.47639,0.14687,0.41939
-0.47639,0.14687,0.41939
-0.47646,0.14474,0.42086
-0.47646,0.14474,0.42086
-0.47646,0.14474,0.42086
-0.47646,0.14474,0.42086
-0.47646,0.14474,0.42086
-0.47651,0.14265,0.42235
-0.47651,0.14265,0.42235
-0.47651,0.14265,0.42235
-0.47651,0.14265,0.42235
-0.47651,0.14265,0.42235
-0.47657,0.14051,0.42381
-0.47657,0.14051,0.42381
-0.47657,0.14051,0.42381
-0.47657,0.14051,0.42381
-0.47657,0.14051,0.42381
-0.47666,0.13829,0.42519
-0.47666,0.13829,0.42519
-0.47666,0.13829,0.42519
-0.47666,0.13829,0.42519
-0.47666,0.13829,0.42519
-0.47674,0.13608,0.42654
-0.47674,0.13608,0.42654
-0.47674,0.13608,0.42654
-0.47674,0.13608,0.42654
-0.47674,0.13608,0.42654
-0.47681,0.13393,0.42787
-0.47681,0.13393,0.42787
-0.47681,0.13393,0.42787
-0.47681,0.13393,0.42787
-0.47681,0.13393,0.42787
-0.47687,0.13178,0.42918
-0.47687,0.13178,0.42918
-0.47687,0.13178,0.42918
-0.47687,0.13178,0.42918
-0.47687,0.13178,0.42918
-0.47694,0.12958,0.43051
-0.47694,0.12958,0.43051
-0.47694,0.12958,0.43051
-0.47694,0.12958,0.43051
-0.47694,0.12958,0.43051
-0.47701,0.12729,0.43187
-0.47701,0.12729,0.43187
-0.47701,0.12729,0.43187
-0.47701,0.12729,0.43187
-0.47701,0.12729,0.43187
-0.47706,0.12505,0.43318
-0.47706,0.12505,0.43318
-0.47706,0.12505,0.43318
-0.47706,0.12505,0.43318
-0.47706,0.12505,0.43318
-0.47710,0.12286,0.43441
-0.47710,0.12286,0.43441
-0.47710,0.12286,0.43441
-0.47710,0.12286,0.43441
-0.47710,0.12286,0.43441
-0.47714,0.12064,0.43562
-0.47714,0.12064,0.43562
-0.47714,0.12064,0.43562
-0.47714,0.12064,0.43562
-0.47714,0.12064,0.43562
-0.47721,0.11833,0.43679
-0.47721,0.11833,0.43679
-0.47721,0.11833,0.43679
-0.47721,0.11833,0.43679
-0.47721,0.11833,0.43679
-0.47728,0.11600,0.43795
-0.47728,0.11600,0.43795
-0.47728,0.11600,0.43795
-0.47728,0.11600,0.43795
-0.47728,0.11600,0.43795
-0.47732,0.11373,0.43911
-0.47732,0.11373,0.43911
-0.47732,0.11373,0.43911
-0.47732,0.11373,0.43911
-0.47732,0.11373,0.43911
-0.47736,0.11147,0.44027
-0.47736,0.11147,0.44027
-0.47736,0.11147,0.44027
-0.47736,0.11147,0.44027
-0.47736,0.11147,0.44027
-0.47740,0.10919,0.44145
-0.47740,0.10919,0.44145
-0.47740,0.10919,0.44145
-0.47740,0.10919,0.44145
-0.47740,0.10919,0.44145
-0.47746,0.10680,0.44257
-0.47746,0.10680,0.44257
-0.47746,0.10680,0.44257
-0.47746,0.10680,0.44257
-0.47746,0.10680,0.44257
-0.47752,0.10444,0.44363
-0.47752,0.10444,0.44363
-0.47752,0.10444,0.44363
-0.47752,0.10444,0.44363
-0.47752,0.10444,0.44363
-0.47757,0.10213,0.44465
-0.47757,0.10213,0.44465
-0.47757,0.10213,0.44465
-0.47757,0.10213,0.44465
-0.47757,0.10213,0.44465
-0.47763,0.09981,0.44563
-0.47763,0.09981,0.44563
-0.47763,0.09981,0.44563
-0.47763,0.09981,0.44563
-0.47769,0.09742,0.44660
-0.47769,0.09742,0.44660
-0.47769,0.09742,0.44660
-0.47769,0.09742,0.44660
-0.47769,0.09742,0.44660
-0.47769,0.09742,0.44660
-0.47774,0.09504,0.44755
-0.47774,0.09504,0.44755
-0.47774,0.09504,0.44755
-0.47774,0.09504,0.44755
-0.47774,0.09504,0.44755
-0.47778,0.09267,0.44851
-0.47778,0.09267,0.44851
-0.47778,0.09267,0.44851
-0.47778,0.09267,0.44851
-0.47778,0.09267,0.44851
-0.47782,0.09028,0.44944
-0.47782,0.09028,0.44944
-0.47782,0.09028,0.44944
-0.47782,0.09028,0.44944
-0.47782,0.09028,0.44944
-0.47787,0.08785,0.45036
-0.47787,0.08785,0.45036
-0.47787,0.08785,0.45036
-0.47787,0.08785,0.45036
-0.47787,0.08785,0.45036
-0.47790,0.08542,0.45126
-0.47790,0.08542,0.45126
-0.47790,0.08542,0.45126
-0.47790,0.08542,0.45126
-0.47790,0.08542,0.45126
-0.47794,0.08301,0.45209
-0.47794,0.08301,0.45209
-0.47794,0.08301,0.45209
-0.47794,0.08301,0.45209
-0.47794,0.08301,0.45209
-0.47797,0.08060,0.45288
-0.47797,0.08060,0.45288
-0.47797,0.08060,0.45288
-0.47797,0.08060,0.45288
-0.47797,0.08060,0.45288
-0.47801,0.07812,0.45365
-0.47801,0.07812,0.45365
-0.47801,0.07812,0.45365
-0.47801,0.07812,0.45365
-0.47801,0.07812,0.45365
-0.47803,0.07565,0.45441
-0.47803,0.07565,0.45441
-0.47803,0.07565,0.45441
-0.47803,0.07565,0.45441
-0.47803,0.07565,0.45441
-0.47809,0.07319,0.45509
-0.47809,0.07319,0.45509
-0.47809,0.07319,0.45509
-0.47809,0.07319,0.45509
-0.47809,0.07319,0.45509
-0.47813,0.07072,0.45577
-0.47813,0.07072,0.45577
-0.47813,0.07072,0.45577
-0.47813,0.07072,0.45577
-0.47813,0.07072,0.45577
-0.47818,0.06821,0.45644
-0.47818,0.06821,0.45644
-0.47818,0.06821,0.45644
-0.47818,0.06821,0.45644
-0.47818,0.06821,0.45644
-0.47827,0.06571,0.45706
-0.47827,0.06571,0.45706
-0.47827,0.06571,0.45706
-0.47827,0.06571,0.45706
-0.47827,0.06571,0.45706
-0.47832,0.06323,0.45768
-0.47832,0.06323,0.45768
-0.47832,0.06323,0.45768
-0.47832,0.06323,0.45768
-0.47832,0.06323,0.45768
-0.47837,0.06071,0.45826
-0.47837,0.06071,0.45826
-0.47837,0.06071,0.45826
-0.47837,0.06071,0.45826
-0.47837,0.06071,0.45826
-0.47846,0.05815,0.45881
-0.47846,0.05815,0.45881
-0.47846,0.05815,0.45881
-0.47846,0.05815,0.45881
-0.47846,0.05815,0.45881
-0.47854,0.05561,0.45936
-0.47854,0.05561,0.45936
-0.47854,0.05561,0.45936
-0.47854,0.05561,0.45936
-0.47854,0.05561,0.45936
-0.47860,0.05307,0.45987
-0.47860,0.05307,0.45987
-0.47860,0.05307,0.45987
-0.47860,0.05307,0.45987
-0.47865,0.05051,0.46032
-0.47865,0.05051,0.46032
-0.47865,0.05051,0.46032
-0.47865,0.05051,0.46032
-0.47865,0.05051,0.46032
-0.47865,0.05051,0.46032
-0.47870,0.04792,0.46075
-0.47870,0.04792,0.46075
-0.47870,0.04792,0.46075
-0.47870,0.04792,0.46075
-0.47870,0.04792,0.46075
-0.47876,0.04536,0.46115
-0.47876,0.04536,0.46115
-0.47876,0.04536,0.46115
-0.47876,0.04536,0.46115
-0.47876,0.04536,0.46115
-0.47881,0.04279,0.46150
-0.47881,0.04279,0.46150
-0.47881,0.04279,0.46150
-0.47881,0.04279,0.46150
-0.47881,0.04279,0.46150
-0.47885,0.04019,0.46181
-0.47885,0.04019,0.46181
-0.47885,0.04019,0.46181
-0.47885,0.04019,0.46181
-0.47885,0.04019,0.46181
-0.47889,0.03756,0.46211
-0.47889,0.03756,0.46211
-0.47889,0.03756,0.46211
-0.47889,0.03756,0.46211
-0.47889,0.03756,0.46211
-0.47896,0.03497,0.46238
-0.47896,0.03497,0.46238
-0.47896,0.03497,0.46238
-0.47896,0.03497,0.46238
-0.47896,0.03497,0.46238
-0.47905,0.03238,0.46259
-0.47905,0.03238,0.46259
-0.47905,0.03238,0.46259
-0.47905,0.03238,0.46259
-0.47905,0.03238,0.46259
-0.47913,0.02974,0.46278
-0.47913,0.02974,0.46278
-0.47913,0.02974,0.46278
-0.47913,0.02974,0.46278
-0.47913,0.02974,0.46278
-0.47918,0.02712,0.46295
-0.47918,0.02712,0.46295
-0.47918,0.02712,0.46295
-0.47918,0.02712,0.46295
-0.47918,0.02712,0.46295
-0.47922,0.02451,0.46308
-0.47922,0.02451,0.46308
-0.47922,0.02451,0.46308
-0.47922,0.02451,0.46308
-0.47922,0.02451,0.46308
-0.47927,0.02189,0.46316
-0.47927,0.02189,0.46316
-0.47927,0.02189,0.46316
-0.47927,0.02189,0.46316
-0.47927,0.02189,0.46316
-0.47934,0.01924,0.46323
-0.47934,0.01924,0.46323
-0.47934,0.01924,0.46323
-0.47934,0.01924,0.46323
-0.47934,0.01924,0.46323
-0.47942,0.01660,0.46328
-0.47942,0.01660,0.46328
-0.47942,0.01660,0.46328
-0.47942,0.01660,0.46328
-0.47951,0.01396,0.46329
-0.47951,0.01396,0.46329
-0.47951,0.01396,0.46329
-0.47951,0.01396,0.46329
-0.47951,0.01396,0.46329
-0.47958,0.01131,0.46328
-0.47958,0.01131,0.46328
-0.47958,0.01131,0.46328
-0.47958,0.01131,0.46328
-0.47958,0.01131,0.46328
-0.47958,0.01131,0.46328
-0.47964,0.00866,0.46328
-0.47964,0.00866,0.46328
-0.47964,0.00866,0.46328
-0.47964,0.00866,0.46328
-0.47964,0.00866,0.46328
-0.47968,0.00602,0.46327
-0.47968,0.00602,0.46327
-0.47968,0.00602,0.46327
-0.47968,0.00602,0.46327
-0.47968,0.00602,0.46327
-0.47972,0.00338,0.46324
-0.47972,0.00338,0.46324
-0.47972,0.00338,0.46324
-0.47972,0.00338,0.46324
-0.47972,0.00338,0.46324
-0.47973,0.00071,0.46322
-0.47973,0.00071,0.46322
-0.47973,0.00071,0.46322
-0.47973,0.00071,0.46322
-0.47973,0.00071,0.46322
-0.47974,-0.00194,0.46320
-0.47974,-0.00194,0.46320
-0.47974,-0.00194,0.46320
-0.47974,-0.00194,0.46320
-0.47974,-0.00194,0.46320
-0.47972,-0.00459,0.46318
-0.47972,-0.00459,0.46318
-0.47972,-0.00459,0.46318
-0.47972,-0.00459,0.46318
-0.47972,-0.00459,0.46318
-0.47970,-0.00724,0.46315
-0.47970,-0.00724,0.46315
-0.47970,-0.00724,0.46315
-0.47970,-0.00724,0.46315
-0.47970,-0.00724,0.46315
-0.47966,-0.00990,0.46313
-0.47966,-0.00990,0.46313
-0.47966,-0.00990,0.46313
-0.47966,-0.00990,0.46313
-0.47966,-0.00990,0.46313
-0.47961,-0.01254,0.46309
-0.47961,-0.01254,0.46309
-0.47961,-0.01254,0.46309
-0.47961,-0.01254,0.46309
-0.47961,-0.01254,0.46309
-0.47955,-0.01518,0.46303
-0.47955,-0.01518,0.46303
-0.47955,-0.01518,0.46303
-0.47955,-0.01518,0.46303
-0.47955,-0.01518,0.46303
-0.47948,-0.01784,0.46296
-0.47948,-0.01784,0.46296
-0.47948,-0.01784,0.46296
-0.47948,-0.01784,0.46296
-0.47948,-0.01784,0.46296
-0.47940,-0.02048,0.46287
-0.47940,-0.02048,0.46287
-0.47940,-0.02048,0.46287
-0.47940,-0.02048,0.46287
-0.47940,-0.02048,0.46287
-0.47932,-0.02311,0.46276
-0.47932,-0.02311,0.46276
-0.47932,-0.02311,0.46276
-0.47932,-0.02311,0.46276
-0.47932,-0.02311,0.46276
-0.47923,-0.02574,0.46262
-0.47923,-0.02574,0.46262
-0.47923,-0.02574,0.46262
-0.47923,-0.02574,0.46262
-0.47923,-0.02574,0.46262
-0.47913,-0.02838,0.46245
-0.47913,-0.02838,0.46245
-0.47913,-0.02838,0.46245
-0.47913,-0.02838,0.46245
-0.47913,-0.02838,0.46245
-0.47903,-0.03099,0.46226
-0.47903,-0.03099,0.46226
-0.47903,-0.03099,0.46226
-0.47903,-0.03099,0.46226
-0.47903,-0.03099,0.46226
-0.47892,-0.03360,0.46203
-0.47892,-0.03360,0.46203
-0.47892,-0.03360,0.46203
-0.47892,-0.03360,0.46203
-0.47892,-0.03360,0.46203
-0.47881,-0.03622,0.46178
-0.47881,-0.03622,0.46178
-0.47881,-0.03622,0.46178
-0.47881,-0.03622,0.46178
-0.47881,-0.03622,0.46178
-0.47869,-0.03883,0.46151
-0.47869,-0.03883,0.46151
-0.47869,-0.03883,0.46151
-0.47869,-0.03883,0.46151
-0.47857,-0.04141,0.46120
-0.47857,-0.04141,0.46120
-0.47857,-0.04141,0.46120
-0.47857,-0.04141,0.46120
-0.47857,-0.04141,0.46120
-0.47857,-0.04141,0.46120
-0.47846,-0.04399,0.46084
-0.47846,-0.04399,0.46084
-0.47846,-0.04399,0.46084
-0.47846,-0.04399,0.46084
-0.47846,-0.04399,0.46084
-0.47833,-0.04659,0.46047
-0.47833,-0.04659,0.46047
-0.47833,-0.04659,0.46047
-0.47833,-0.04659,0.46047
-0.47833,-0.04659,0.46047
-0.47820,-0.04915,0.46007
-0.47820,-0.04915,0.46007
-0.47820,-0.04915,0.46007
-0.47820,-0.04915,0.46007
-0.47820,-0.04915,0.46007
-0.47807,-0.05170,0.45963
-0.47807,-0.05170,0.45963
-0.47807,-0.05170,0.45963
-0.47807,-0.05170,0.45963
-0.47807,-0.05170,0.45963
-0.47794,-0.05426,0.45915
-0.47794,-0.05426,0.45915
-0.47794,-0.05426,0.45915
-0.47794,-0.05426,0.45915
-0.47794,-0.05426,0.45915
-0.47780,-0.05682,0.45865
-0.47780,-0.05682,0.45865
-0.47780,-0.05682,0.45865
-0.47780,-0.05682,0.45865
-0.47780,-0.05682,0.45865
-0.47767,-0.05935,0.45813
-0.47767,-0.05935,0.45813
-0.47767,-0.05935,0.45813
-0.47767,-0.05935,0.45813
-0.47767,-0.05935,0.45813
-0.47753,-0.06186,0.45757
-0.47753,-0.06186,0.45757
-0.47753,-0.06186,0.45757
-0.47753,-0.06186,0.45757
-0.47753,-0.06186,0.45757
-0.47738,-0.06439,0.45698
-0.47738,-0.06439,0.45698
-0.47738,-0.06439,0.45698
-0.47738,-0.06439,0.45698
-0.47738,-0.06439,0.45698
-0.47722,-0.06691,0.45639
-0.47722,-0.06691,0.45639
-0.47722,-0.06691,0.45639
-0.47722,-0.06691,0.45639
-0.47722,-0.06691,0.45639
-0.47704,-0.06938,0.45580
-0.47704,-0.06938,0.45580
-0.47704,-0.06938,0.45580
-0.47704,-0.06938,0.45580
-0.47704,-0.06938,0.45580
-0.47688,-0.07185,0.45515
-0.47688,-0.07185,0.45515
-0.47688,-0.07185,0.45515
-0.47688,-0.07185,0.45515
-0.47671,-0.07435,0.45446
-0.47671,-0.07435,0.45446
-0.47671,-0.07435,0.45446
-0.47671,-0.07435,0.45446
-0.47671,-0.07435,0.45446
-0.47671,-0.07435,0.45446
-0.47652,-0.07681,0.45379
-0.47652,-0.07681,0.45379
-0.47652,-0.07681,0.45379
-0.47652,-0.07681,0.45379
-0.47652,-0.07681,0.45379
-0.47635,-0.07925,0.45305
-0.47635,-0.07925,0.45305
-0.47635,-0.07925,0.45305
-0.47635,-0.07925,0.45305
-0.47635,-0.07925,0.45305
-0.47619,-0.08168,0.45227
-0.47619,-0.08168,0.45227
-0.47619,-0.08168,0.45227
-0.47619,-0.08168,0.45227
-0.47619,-0.08168,0.45227
-0.47600,-0.08413,0.45148
-0.47600,-0.08413,0.45148
-0.47600,-0.08413,0.45148
-0.47600,-0.08413,0.45148
-0.47600,-0.08413,0.45148
-0.47583,-0.08654,0.45065
-0.47583,-0.08654,0.45065
-0.47583,-0.08654,0.45065
-0.47583,-0.08654,0.45065
-0.47583,-0.08654,0.45065
-0.47566,-0.08891,0.44979
-0.47566,-0.08891,0.44979
-0.47566,-0.08891,0.44979
-0.47566,-0.08891,0.44979
-0.47566,-0.08891,0.44979
-0.47550,-0.09130,0.44887
-0.47550,-0.09130,0.44887
-0.47550,-0.09130,0.44887
-0.47550,-0.09130,0.44887
-0.47550,-0.09130,0.44887
-0.47532,-0.09370,0.44796
-0.47532,-0.09370,0.44796
-0.47532,-0.09370,0.44796
-0.47532,-0.09370,0.44796
-0.47532,-0.09370,0.44796
-0.47516,-0.09605,0.44705
-0.47516,-0.09605,0.44705
-0.47516,-0.09605,0.44705
-0.47516,-0.09605,0.44705
-0.47516,-0.09605,0.44705
-0.47502,-0.09837,0.44613
-0.47502,-0.09837,0.44613
-0.47502,-0.09837,0.44613
-0.47502,-0.09837,0.44613
-0.47502,-0.09837,0.44613
-0.47492,-0.10072,0.44517
-0.47492,-0.10072,0.44517
-0.47492,-0.10072,0.44517
-0.47492,-0.10072,0.44517
-0.47492,-0.10072,0.44517
-0.47481,-0.10309,0.44422
-0.47481,-0.10309,0.44422
-0.47481,-0.10309,0.44422
-0.47481,-0.10309,0.44422
-0.47481,-0.10309,0.44422
-0.47473,-0.10540,0.44322
-0.47473,-0.10540,0.44322
-0.47473,-0.10540,0.44322
-0.47473,-0.10540,0.44322
-0.47473,-0.10540,0.44322
-0.47466,-0.10767,0.44216
-0.47466,-0.10767,0.44216
-0.47466,-0.10767,0.44216
-0.47466,-0.10767,0.44216
-0.47466,-0.10767,0.44216
-0.47459,-0.10994,0.44105
-0.47459,-0.10994,0.44105
-0.47459,-0.10994,0.44105
-0.47459,-0.10994,0.44105
-0.47459,-0.10994,0.44105
-0.47451,-0.11225,0.43993
-0.47451,-0.11225,0.43993
-0.47451,-0.11225,0.43993
-0.47451,-0.11225,0.43993
-0.47451,-0.11225,0.43993
-0.47443,-0.11449,0.43876
-0.47443,-0.11449,0.43876
-0.47443,-0.11449,0.43876
-0.47443,-0.11449,0.43876
-0.47443,-0.11449,0.43876
-0.47436,-0.11668,0.43758
-0.47436,-0.11668,0.43758
-0.47436,-0.11668,0.43758
-0.47436,-0.11668,0.43758
-0.47436,-0.11668,0.43758
-0.47426,-0.11886,0.43642
-0.47426,-0.11886,0.43642
-0.47426,-0.11886,0.43642
-0.47426,-0.11886,0.43642
-0.47426,-0.11886,0.43642
-0.47415,-0.12109,0.43523
-0.47415,-0.12109,0.43523
-0.47415,-0.12109,0.43523
-0.47415,-0.12109,0.43523
-0.47415,-0.12109,0.43523
-0.47405,-0.12328,0.43402
-0.47405,-0.12328,0.43402
-0.47405,-0.12328,0.43402
-0.47405,-0.12328,0.43402
-0.47405,-0.12328,0.43402
-0.47398,-0.12539,0.43274
-0.47398,-0.12539,0.43274
-0.47398,-0.12539,0.43274
-0.47398,-0.12539,0.43274
-0.47398,-0.12539,0.43274
-0.47391,-0.12749,0.43141
-0.47391,-0.12749,0.43141
-0.47391,-0.12749,0.43141
-0.47391,-0.12749,0.43141
-0.47391,-0.12749,0.43141
-0.47383,-0.12962,0.43006
-0.47383,-0.12962,0.43006
-0.47383,-0.12962,0.43006
-0.47383,-0.12962,0.43006
-0.47383,-0.12962,0.43006
-0.47374,-0.13176,0.42867
-0.47374,-0.13176,0.42867
-0.47374,-0.13176,0.42867
-0.47374,-0.13176,0.42867
-0.47367,-0.13384,0.42729
-0.47367,-0.13384,0.42729
-0.47367,-0.13384,0.42729
-0.47367,-0.13384,0.42729
-0.47367,-0.13384,0.42729
-0.47367,-0.13384,0.42729
-0.47359,-0.13587,0.42596
-0.47359,-0.13587,0.42596
-0.47359,-0.13587,0.42596
-0.47359,-0.13587,0.42596
-0.47359,-0.13587,0.42596
-0.47353,-0.13792,0.42460
-0.47353,-0.13792,0.42460
-0.47353,-0.13792,0.42460
-0.47353,-0.13792,0.42460
-0.47353,-0.13792,0.42460
-0.47347,-0.14002,0.42318
-0.47347,-0.14002,0.42318
-0.47347,-0.14002,0.42318
-0.47347,-0.14002,0.42318
-0.47347,-0.14002,0.42318
-0.47342,-0.14211,0.42172
-0.47342,-0.14211,0.42172
-0.47342,-0.14211,0.42172
-0.47342,-0.14211,0.42172
-0.47342,-0.14211,0.42172
-0.47340,-0.14413,0.42022
-0.47340,-0.14413,0.42022
-0.47340,-0.14413,0.42022
-0.47340,-0.14413,0.42022
-0.47340,-0.14413,0.42022
-0.47338,-0.14611,0.41870
-0.47338,-0.14611,0.41870
-0.47338,-0.14611,0.41870
-0.47338,-0.14611,0.41870
-0.47338,-0.14611,0.41870
-0.47333,-0.14809,0.41723
-0.47333,-0.14809,0.41723
-0.47333,-0.14809,0.41723
-0.47333,-0.14809,0.41723
-0.47333,-0.14809,0.41723
-0.47324,-0.15016,0.41578
-0.47324,-0.15016,0.41578
-0.47324,-0.15016,0.41578
-0.47324,-0.15016,0.41578
-0.47324,-0.15016,0.41578
-0.47314,-0.15222,0.41430
-0.47314,-0.15222,0.41430
-0.47314,-0.15222,0.41430
-0.47314,-0.15222,0.41430
-0.47314,-0.15222,0.41430
-0.47308,-0.15419,0.41275
-0.47308,-0.15419,0.41275
-0.47308,-0.15419,0.41275
-0.47308,-0.15419,0.41275
-0.47308,-0.15419,0.41275
-0.47303,-0.15610,0.41118
-0.47303,-0.15610,0.41118
-0.47303,-0.15610,0.41118
-0.47303,-0.15610,0.41118
-0.47303,-0.15610,0.41118
-0.47297,-0.15804,0.40957
-0.47297,-0.15804,0.40957
-0.47297,-0.15804,0.40957
-0.47297,-0.15804,0.40957
-0.47297,-0.15804,0.40957
-0.47286,-0.16009,0.40800
-0.47286,-0.16009,0.40800
-0.47286,-0.16009,0.40800
-0.47286,-0.16009,0.40800
-0.47273,-0.16210,0.40647
-0.47273,-0.16210,0.40647
-0.47273,-0.16210,0.40647
-0.47273,-0.16210,0.40647
-0.47273,-0.16210,0.40647
-0.47273,-0.16210,0.40647
-0.47264,-0.16399,0.40493
-0.47264,-0.16399,0.40493
-0.47264,-0.16399,0.40493
-0.47264,-0.16399,0.40493
-0.47264,-0.16399,0.40493
-0.47257,-0.16584,0.40333
-0.47257,-0.16584,0.40333
-0.47257,-0.16584,0.40333
-0.47257,-0.16584,0.40333
-0.47248,-0.16775,0.40169
-0.47248,-0.16775,0.40169
-0.47248,-0.16775,0.40169
-0.47248,-0.16775,0.40169
-0.47248,-0.16775,0.40169
-0.47248,-0.16775,0.40169
-0.47236,-0.16977,0.40003
-0.47236,-0.16977,0.40003
-0.47236,-0.16977,0.40003
-0.47236,-0.16977,0.40003
-0.47236,-0.16977,0.40003
-0.47224,-0.17176,0.39839
-0.47224,-0.17176,0.39839
-0.47224,-0.17176,0.39839
-0.47224,-0.17176,0.39839
-0.47224,-0.17176,0.39839
-0.47217,-0.17362,0.39680
-0.47217,-0.17362,0.39680
-0.47217,-0.17362,0.39680
-0.47217,-0.17362,0.39680
-0.47217,-0.17362,0.39680
-0.47211,-0.17543,0.39522
-0.47211,-0.17543,0.39522
-0.47211,-0.17543,0.39522
-0.47211,-0.17543,0.39522
-0.47211,-0.17543,0.39522
-0.47202,-0.17728,0.39358
-0.47202,-0.17728,0.39358
-0.47202,-0.17728,0.39358
-0.47202,-0.17728,0.39358
-0.47202,-0.17728,0.39358
-0.47188,-0.17925,0.39189
-0.47188,-0.17925,0.39189
-0.47188,-0.17925,0.39189
-0.47188,-0.17925,0.39189
-0.47188,-0.17925,0.39189
-0.47172,-0.18124,0.39017
-0.47172,-0.18124,0.39017
-0.47172,-0.18124,0.39017
-0.47172,-0.18124,0.39017
-0.47172,-0.18124,0.39017
-0.47163,-0.18310,0.38849
-0.47163,-0.18310,0.38849
-0.47163,-0.18310,0.38849
-0.47163,-0.18310,0.38849
-0.47163,-0.18310,0.38849
-0.47155,-0.18487,0.38686
-0.47155,-0.18487,0.38686
-0.47155,-0.18487,0.38686
-0.47155,-0.18487,0.38686
-0.47155,-0.18487,0.38686
-0.47146,-0.18665,0.38523
-0.47146,-0.18665,0.38523
-0.47146,-0.18665,0.38523
-0.47146,-0.18665,0.38523
-0.47146,-0.18665,0.38523
-0.47133,-0.18854,0.38352
-0.47133,-0.18854,0.38352
-0.47133,-0.18854,0.38352
-0.47133,-0.18854,0.38352
-0.47133,-0.18854,0.38352
-0.47117,-0.19047,0.38178
-0.47117,-0.19047,0.38178
-0.47117,-0.19047,0.38178
-0.47117,-0.19047,0.38178
-0.47117,-0.19047,0.38178
-0.47103,-0.19235,0.38002
-0.47103,-0.19235,0.38002
-0.47103,-0.19235,0.38002
-0.47103,-0.19235,0.38002
-0.47103,-0.19235,0.38002
-0.47093,-0.19414,0.37833
-0.47093,-0.19414,0.37833
-0.47093,-0.19414,0.37833
-0.47093,-0.19414,0.37833
-0.47093,-0.19414,0.37833
-0.47085,-0.19590,0.37668
-0.47085,-0.19590,0.37668
-0.47085,-0.19590,0.37668
-0.47085,-0.19590,0.37668
-0.47085,-0.19590,0.37668
-0.47073,-0.19770,0.37498
-0.47073,-0.19770,0.37498
-0.47073,-0.19770,0.37498
-0.47073,-0.19770,0.37498
-0.47073,-0.19770,0.37498
-0.47058,-0.19958,0.37322
-0.47058,-0.19958,0.37322
-0.47058,-0.19958,0.37322
-0.47058,-0.19958,0.37322
-0.47058,-0.19958,0.37322
-0.47042,-0.20146,0.37144
-0.47042,-0.20146,0.37144
-0.47042,-0.20146,0.37144
-0.47042,-0.20146,0.37144
-0.47042,-0.20146,0.37144
-0.47029,-0.20327,0.36969
-0.47029,-0.20327,0.36969
-0.47029,-0.20327,0.36969
-0.47029,-0.20327,0.36969
-0.47029,-0.20327,0.36969
-0.47018,-0.20501,0.36801
-0.47018,-0.20501,0.36801
-0.47018,-0.20501,0.36801
-0.47018,-0.20501,0.36801
-0.47018,-0.20501,0.36801
-0.47007,-0.20675,0.36632
-0.47007,-0.20675,0.36632
-0.47007,-0.20675,0.36632
-0.47007,-0.20675,0.36632
-0.47007,-0.20675,0.36632
-0.46992,-0.20854,0.36455
-0.46992,-0.20854,0.36455
-0.46992,-0.20854,0.36455
-0.46992,-0.20854,0.36455
-0.46992,-0.20854,0.36455
-0.46976,-0.21037,0.36274
-0.46976,-0.21037,0.36274
-0.46976,-0.21037,0.36274
-0.46976,-0.21037,0.36274
-0.46976,-0.21037,0.36274
-0.46961,-0.21217,0.36095
-0.46961,-0.21217,0.36095
-0.46961,-0.21217,0.36095
-0.46961,-0.21217,0.36095
-0.46961,-0.21217,0.36095
-0.46949,-0.21396,0.35924
-0.46949,-0.21396,0.35924
-0.46949,-0.21396,0.35924
-0.46949,-0.21396,0.35924
-0.46949,-0.21396,0.35924
-0.46939,-0.21570,0.35756
-0.46939,-0.21570,0.35756
-0.46939,-0.21570,0.35756
-0.46939,-0.21570,0.35756
-0.46939,-0.21570,0.35756
-0.46929,-0.21743,0.35580
-0.46929,-0.21743,0.35580
-0.46929,-0.21743,0.35580
-0.46929,-0.21743,0.35580
-0.46929,-0.21743,0.35580
-0.46915,-0.21917,0.35398
-0.46915,-0.21917,0.35398
-0.46915,-0.21917,0.35398
-0.46915,-0.21917,0.35398
-0.46915,-0.21917,0.35398
-0.46899,-0.22094,0.35217
-0.46899,-0.22094,0.35217
-0.46899,-0.22094,0.35217
-0.46899,-0.22094,0.35217
-0.46899,-0.22094,0.35217
-0.46885,-0.22275,0.35044
-0.46885,-0.22275,0.35044
-0.46885,-0.22275,0.35044
-0.46885,-0.22275,0.35044
-0.46885,-0.22275,0.35044
-0.46873,-0.22453,0.34876
-0.46873,-0.22453,0.34876
-0.46873,-0.22453,0.34876
-0.46873,-0.22453,0.34876
-0.46873,-0.22453,0.34876
-0.46862,-0.22625,0.34701
-0.46862,-0.22625,0.34701
-0.46862,-0.22625,0.34701
-0.46862,-0.22625,0.34701
-0.46862,-0.22625,0.34701
-0.46850,-0.22794,0.34518
-0.46850,-0.22794,0.34518
-0.46850,-0.22794,0.34518
-0.46850,-0.22794,0.34518
-0.46850,-0.22794,0.34518
-0.46837,-0.22963,0.34335
-0.46837,-0.22963,0.34335
-0.46837,-0.22963,0.34335
-0.46837,-0.22963,0.34335
-0.46837,-0.22963,0.34335
-0.46824,-0.23137,0.34161
-0.46824,-0.23137,0.34161
-0.46824,-0.23137,0.34161
-0.46824,-0.23137,0.34161
-0.46824,-0.23137,0.34161
-0.46811,-0.23312,0.33990
-0.46811,-0.23312,0.33990
-0.46811,-0.23312,0.33990
-0.46811,-0.23312,0.33990
-0.46811,-0.23312,0.33990
-0.46797,-0.23487,0.33809
-0.46797,-0.23487,0.33809
-0.46797,-0.23487,0.33809
-0.46797,-0.23487,0.33809
-0.46797,-0.23487,0.33809
-0.46782,-0.23656,0.33623
-0.46782,-0.23656,0.33623
-0.46782,-0.23656,0.33623
-0.46782,-0.23656,0.33623
-0.46782,-0.23656,0.33623
-0.46768,-0.23820,0.33436
-0.46768,-0.23820,0.33436
-0.46768,-0.23820,0.33436
-0.46768,-0.23820,0.33436
-0.46768,-0.23820,0.33436
-0.46757,-0.23985,0.33259
-0.46757,-0.23985,0.33259
-0.46757,-0.23985,0.33259
-0.46757,-0.23985,0.33259
-0.46757,-0.23985,0.33259
-0.46744,-0.24154,0.33086
-0.46744,-0.24154,0.33086
-0.46744,-0.24154,0.33086
-0.46744,-0.24154,0.33086
-0.46744,-0.24154,0.33086
-0.46729,-0.24326,0.32905
-0.46729,-0.24326,0.32905
-0.46729,-0.24326,0.32905
-0.46729,-0.24326,0.32905
-0.46714,-0.24500,0.32715
-0.46714,-0.24500,0.32715
-0.46714,-0.24500,0.32715
-0.46714,-0.24500,0.32715
-0.46714,-0.24500,0.32715
-0.46714,-0.24500,0.32715
-0.46701,-0.24668,0.32529
-0.46701,-0.24668,0.32529
-0.46701,-0.24668,0.32529
-0.46701,-0.24668,0.32529
-0.46692,-0.24833,0.32355
-0.46692,-0.24833,0.32355
-0.46692,-0.24833,0.32355
-0.46692,-0.24833,0.32355
-0.46692,-0.24833,0.32355
-0.46684,-0.24998,0.32184
-0.46684,-0.24998,0.32184
-0.46684,-0.24998,0.32184
-0.46684,-0.24998,0.32184
-0.46684,-0.24998,0.32184
-0.46684,-0.24998,0.32184
-0.46675,-0.25165,0.32002
-0.46675,-0.25165,0.32002
-0.46675,-0.25165,0.32002
-0.46675,-0.25165,0.32002
-0.46675,-0.25165,0.32002
-0.46664,-0.25336,0.31816
-0.46664,-0.25336,0.31816
-0.46664,-0.25336,0.31816
-0.46664,-0.25336,0.31816
-0.46664,-0.25336,0.31816
-0.46652,-0.25506,0.31633
-0.46652,-0.25506,0.31633
-0.46652,-0.25506,0.31633
-0.46652,-0.25506,0.31633
-0.46652,-0.25506,0.31633
-0.46643,-0.25678,0.31466
-0.46643,-0.25678,0.31466
-0.46643,-0.25678,0.31466
-0.46643,-0.25678,0.31466
-0.46643,-0.25678,0.31466
-0.46634,-0.25849,0.31296
-0.46634,-0.25849,0.31296
-0.46634,-0.25849,0.31296
-0.46634,-0.25849,0.31296
-0.46634,-0.25849,0.31296
-0.46623,-0.26017,0.31115
-0.46623,-0.26017,0.31115
-0.46623,-0.26017,0.31115
-0.46623,-0.26017,0.31115
-0.46623,-0.26017,0.31115
-0.46612,-0.26182,0.30930
-0.46612,-0.26182,0.30930
-0.46612,-0.26182,0.30930
-0.46612,-0.26182,0.30930
-0.46612,-0.26182,0.30930
-0.46605,-0.26348,0.30757
-0.46605,-0.26348,0.30757
-0.46605,-0.26348,0.30757
-0.46605,-0.26348,0.30757
-0.46605,-0.26348,0.30757
-0.46593,-0.26518,0.30589
-0.46593,-0.26518,0.30589
-0.46593,-0.26518,0.30589
-0.46593,-0.26518,0.30589
-0.46593,-0.26518,0.30589
-0.46581,-0.26694,0.30416
-0.46581,-0.26694,0.30416
-0.46581,-0.26694,0.30416
-0.46581,-0.26694,0.30416
-0.46581,-0.26694,0.30416
-0.46567,-0.26869,0.30232
-0.46567,-0.26869,0.30232
-0.46567,-0.26869,0.30232
-0.46567,-0.26869,0.30232
-0.46567,-0.26869,0.30232
-0.46556,-0.27040,0.30053
-0.46556,-0.27040,0.30053
-0.46556,-0.27040,0.30053
-0.46556,-0.27040,0.30053
-0.46556,-0.27040,0.30053
-0.46549,-0.27210,0.29887
-0.46549,-0.27210,0.29887
-0.46549,-0.27210,0.29887
-0.46549,-0.27210,0.29887
-0.46549,-0.27210,0.29887
-0.46545,-0.27380,0.29726
-0.46545,-0.27380,0.29726
-0.46545,-0.27380,0.29726
-0.46545,-0.27380,0.29726
-0.46545,-0.27380,0.29726
-0.46540,-0.27552,0.29553
-0.46540,-0.27552,0.29553
-0.46540,-0.27552,0.29553
-0.46540,-0.27552,0.29553
-0.46540,-0.27552,0.29553
-0.46533,-0.27729,0.29377
-0.46533,-0.27729,0.29377
-0.46533,-0.27729,0.29377
-0.46533,-0.27729,0.29377
-0.46533,-0.27729,0.29377
-0.46526,-0.27907,0.29208
-0.46526,-0.27907,0.29208
-0.46526,-0.27907,0.29208
-0.46526,-0.27907,0.29208
-0.46526,-0.27907,0.29208
-0.46520,-0.28089,0.29051
-0.46520,-0.28089,0.29051
-0.46520,-0.28089,0.29051
-0.46520,-0.28089,0.29051
-0.46520,-0.28089,0.29051
-0.46511,-0.28269,0.28887
-0.46511,-0.28269,0.28887
-0.46511,-0.28269,0.28887
-0.46511,-0.28269,0.28887
-0.46511,-0.28269,0.28887
-0.46504,-0.28445,0.28715
-0.46504,-0.28445,0.28715
-0.46504,-0.28445,0.28715
-0.46504,-0.28445,0.28715
-0.46504,-0.28445,0.28715
-0.46497,-0.28618,0.28541
-0.46497,-0.28618,0.28541
-0.46497,-0.28618,0.28541
-0.46497,-0.28618,0.28541
-0.46497,-0.28618,0.28541
-0.46491,-0.28793,0.28383
-0.46491,-0.28793,0.28383
-0.46491,-0.28793,0.28383
-0.46491,-0.28793,0.28383
-0.46491,-0.28793,0.28383
-0.46483,-0.28977,0.28230
-0.46483,-0.28977,0.28230
-0.46483,-0.28977,0.28230
-0.46483,-0.28977,0.28230
-0.46483,-0.28977,0.28230
-0.46475,-0.29165,0.28068
-0.46475,-0.29165,0.28068
-0.46475,-0.29165,0.28068
-0.46475,-0.29165,0.28068
-0.46475,-0.29165,0.28068
-0.46462,-0.29351,0.27898
-0.46462,-0.29351,0.27898
-0.46462,-0.29351,0.27898
-0.46462,-0.29351,0.27898
-0.46462,-0.29351,0.27898
-0.46457,-0.29537,0.27739
-0.46457,-0.29537,0.27739
-0.46457,-0.29537,0.27739
-0.46457,-0.29537,0.27739
-0.46457,-0.29537,0.27739
-0.46452,-0.29721,0.27591
-0.46452,-0.29721,0.27591
-0.46452,-0.29721,0.27591
-0.46452,-0.29721,0.27591
-0.46452,-0.29721,0.27591
-0.46450,-0.29907,0.27439
-0.46450,-0.29907,0.27439
-0.46450,-0.29907,0.27439
-0.46450,-0.29907,0.27439
-0.46450,-0.29907,0.27439
-0.46446,-0.30097,0.27279
-0.46446,-0.30097,0.27279
-0.46446,-0.30097,0.27279
-0.46446,-0.30097,0.27279
-0.46446,-0.30097,0.27279
-0.46440,-0.30289,0.27119
-0.46440,-0.30289,0.27119
-0.46440,-0.30289,0.27119
-0.46440,-0.30289,0.27119
-0.46440,-0.30289,0.27119
-0.46438,-0.30485,0.26977
-0.46438,-0.30485,0.26977
-0.46438,-0.30485,0.26977
-0.46438,-0.30485,0.26977
-0.46438,-0.30485,0.26977
-0.46431,-0.30683,0.26838
-0.46431,-0.30683,0.26838
-0.46431,-0.30683,0.26838
-0.46431,-0.30683,0.26838
-0.46431,-0.30683,0.26838
-0.46424,-0.30878,0.26687
-0.46424,-0.30878,0.26687
-0.46424,-0.30878,0.26687
-0.46424,-0.30878,0.26687
-0.46424,-0.30878,0.26687
-0.46419,-0.31067,0.26531
-0.46419,-0.31067,0.26531
-0.46419,-0.31067,0.26531
-0.46419,-0.31067,0.26531
-0.46419,-0.31067,0.26531
-0.46413,-0.31255,0.26384
-0.46413,-0.31255,0.26384
-0.46413,-0.31255,0.26384
-0.46413,-0.31255,0.26384
-0.46413,-0.31255,0.26384
-0.46408,-0.31449,0.26253
-0.46408,-0.31449,0.26253
-0.46408,-0.31449,0.26253
-0.46408,-0.31449,0.26253
-0.46408,-0.31449,0.26253
-0.46403,-0.31652,0.26120
-0.46403,-0.31652,0.26120
-0.46403,-0.31652,0.26120
-0.46403,-0.31652,0.26120
-0.46403,-0.31652,0.26120
-0.46395,-0.31857,0.25974
-0.46395,-0.31857,0.25974
-0.46395,-0.31857,0.25974
-0.46395,-0.31857,0.25974
-0.46395,-0.31857,0.25974
-0.46388,-0.32060,0.25829
-0.46388,-0.32060,0.25829
-0.46388,-0.32060,0.25829
-0.46388,-0.32060,0.25829
-0.46388,-0.32060,0.25829
-0.46389,-0.32263,0.25703
-0.46389,-0.32263,0.25703
-0.46389,-0.32263,0.25703
-0.46389,-0.32263,0.25703
-0.46389,-0.32263,0.25703
-0.46392,-0.32465,0.25584
-0.46392,-0.32465,0.25584
-0.46392,-0.32465,0.25584
-0.46392,-0.32465,0.25584
-0.46397,-0.32674,0.25459
-0.46397,-0.32674,0.25459
-0.46397,-0.32674,0.25459
-0.46397,-0.32674,0.25459
-0.46397,-0.32674,0.25459
-0.46397,-0.32674,0.25459
-0.46396,-0.32888,0.25324
-0.46396,-0.32888,0.25324
-0.46396,-0.32888,0.25324
-0.46396,-0.32888,0.25324
-0.46396,-0.32888,0.25324
-0.46391,-0.33103,0.25194
-0.46391,-0.33103,0.25194
-0.46391,-0.33103,0.25194
-0.46391,-0.33103,0.25194
-0.46391,-0.33103,0.25194
-0.46388,-0.33322,0.25083
-0.46388,-0.33322,0.25083
-0.46388,-0.33322,0.25083
-0.46388,-0.33322,0.25083
-0.46388,-0.33322,0.25083
-0.46385,-0.33536,0.24971
-0.46385,-0.33536,0.24971
-0.46385,-0.33536,0.24971
-0.46385,-0.33536,0.24971
-0.46385,-0.33536,0.24971
-0.46383,-0.33748,0.24853
-0.46383,-0.33748,0.24853
-0.46383,-0.33748,0.24853
-0.46383,-0.33748,0.24853
-0.46383,-0.33748,0.24853
-0.46376,-0.33959,0.24728
-0.46376,-0.33959,0.24728
-0.46376,-0.33959,0.24728
-0.46376,-0.33959,0.24728
-0.46376,-0.33959,0.24728
-0.46367,-0.34178,0.24615
-0.46367,-0.34178,0.24615
-0.46367,-0.34178,0.24615
-0.46367,-0.34178,0.24615
-0.46367,-0.34178,0.24615
-0.46358,-0.34405,0.24515
-0.46358,-0.34405,0.24515
-0.46358,-0.34405,0.24515
-0.46358,-0.34405,0.24515
-0.46358,-0.34405,0.24515
-0.46352,-0.34636,0.24415
-0.46352,-0.34636,0.24415
-0.46352,-0.34636,0.24415
-0.46352,-0.34636,0.24415
-0.46352,-0.34636,0.24415
-0.46345,-0.34859,0.24303
-0.46345,-0.34859,0.24303
-0.46345,-0.34859,0.24303
-0.46345,-0.34859,0.24303
-0.46345,-0.34859,0.24303
-0.46339,-0.35078,0.24193
-0.46339,-0.35078,0.24193
-0.46339,-0.35078,0.24193
-0.46339,-0.35078,0.24193
-0.46339,-0.35078,0.24193
-0.46338,-0.35303,0.24101
-0.46338,-0.35303,0.24101
-0.46338,-0.35303,0.24101
-0.46338,-0.35303,0.24101
-0.46338,-0.35303,0.24101
-0.46335,-0.35539,0.24020
-0.46335,-0.35539,0.24020
-0.46335,-0.35539,0.24020
-0.46335,-0.35539,0.24020
-0.46335,-0.35539,0.24020
-0.46326,-0.35779,0.23931
-0.46326,-0.35779,0.23931
-0.46326,-0.35779,0.23931
-0.46326,-0.35779,0.23931
-0.46326,-0.35779,0.23931
-0.46314,-0.36018,0.23834
-0.46314,-0.36018,0.23834
-0.46314,-0.36018,0.23834
-0.46314,-0.36018,0.23834
-0.46307,-0.36252,0.23744
-0.46307,-0.36252,0.23744
-0.46307,-0.36252,0.23744
-0.46307,-0.36252,0.23744
-0.46307,-0.36252,0.23744
-0.46307,-0.36252,0.23744
-0.46308,-0.36486,0.23673
-0.46308,-0.36486,0.23673
-0.46308,-0.36486,0.23673
-0.46308,-0.36486,0.23673
-0.46308,-0.36486,0.23673
-0.46306,-0.36723,0.23604
-0.46306,-0.36723,0.23604
-0.46306,-0.36723,0.23604
-0.46306,-0.36723,0.23604
-0.46293,-0.36966,0.23528
-0.46293,-0.36966,0.23528
-0.46293,-0.36966,0.23528
-0.46293,-0.36966,0.23528
-0.46293,-0.36966,0.23528
-0.46293,-0.36966,0.23528
-0.46274,-0.37216,0.23449
-0.46274,-0.37216,0.23449
-0.46274,-0.37216,0.23449
-0.46274,-0.37216,0.23449
-0.46274,-0.37216,0.23449
-0.46259,-0.37467,0.23378
-0.46259,-0.37467,0.23378
-0.46259,-0.37467,0.23378
-0.46259,-0.37467,0.23378
-0.46259,-0.37467,0.23378
-0.46248,-0.37709,0.23314
-0.46248,-0.37709,0.23314
-0.46248,-0.37709,0.23314
-0.46248,-0.37709,0.23314
-0.46248,-0.37709,0.23314
-0.46241,-0.37948,0.23256
-0.46241,-0.37948,0.23256
-0.46241,-0.37948,0.23256
-0.46241,-0.37948,0.23256
-0.46241,-0.37948,0.23256
-0.46230,-0.38191,0.23200
-0.46230,-0.38191,0.23200
-0.46230,-0.38191,0.23200
-0.46230,-0.38191,0.23200
-0.46230,-0.38191,0.23200
-0.46215,-0.38445,0.23148
-0.46215,-0.38445,0.23148
-0.46215,-0.38445,0.23148
-0.46215,-0.38445,0.23148
-0.46215,-0.38445,0.23148
-0.46188,-0.38698,0.23089
-0.46188,-0.38698,0.23089
-0.46188,-0.38698,0.23089
-0.46188,-0.38698,0.23089
-0.46188,-0.38698,0.23089
-0.46163,-0.38953,0.23034
-0.46163,-0.38953,0.23034
-0.46163,-0.38953,0.23034
-0.46163,-0.38953,0.23034
-0.46163,-0.38953,0.23034
-0.46148,-0.39201,0.22996
-0.46148,-0.39201,0.22996
-0.46148,-0.39201,0.22996
-0.46148,-0.39201,0.22996
-0.46148,-0.39201,0.22996
-0.46141,-0.39446,0.22969
-0.46141,-0.39446,0.22969
-0.46141,-0.39446,0.22969
-0.46141,-0.39446,0.22969
-0.46141,-0.39446,0.22969
-0.46126,-0.39691,0.22936
-0.46126,-0.39691,0.22936
-0.46126,-0.39691,0.22936
-0.46126,-0.39691,0.22936
-0.46126,-0.39691,0.22936
-0.46103,-0.39946,0.22904
-0.46103,-0.39946,0.22904
-0.46103,-0.39946,0.22904
-0.46103,-0.39946,0.22904
-0.46103,-0.39946,0.22904
-0.46077,-0.40207,0.22879
-0.46077,-0.40207,0.22879
-0.46077,-0.40207,0.22879
-0.46077,-0.40207,0.22879
-0.46077,-0.40207,0.22879
-0.46056,-0.40461,0.22859
-0.46056,-0.40461,0.22859
-0.46056,-0.40461,0.22859
-0.46056,-0.40461,0.22859
-0.46056,-0.40461,0.22859
-0.46044,-0.40697,0.22843
-0.46044,-0.40697,0.22843
-0.46044,-0.40697,0.22843
-0.46044,-0.40697,0.22843
-0.46044,-0.40697,0.22843
-0.46040,-0.40921,0.22836
-0.46040,-0.40921,0.22836
-0.46040,-0.40921,0.22836
-0.46040,-0.40921,0.22836
-0.46040,-0.40921,0.22836
-0.46033,-0.41142,0.22835
-0.46033,-0.41142,0.22835
-0.46033,-0.41142,0.22835
-0.46033,-0.41142,0.22835
-0.46033,-0.41142,0.22835
-0.46008,-0.41353,0.22828
-0.46008,-0.41353,0.22828
-0.46008,-0.41353,0.22828
-0.46008,-0.41353,0.22828
-0.46008,-0.41353,0.22828
-0.45979,-0.41545,0.22817
-0.45979,-0.41545,0.22817
-0.45979,-0.41545,0.22817
-0.45979,-0.41545,0.22817
-0.45979,-0.41545,0.22817
-0.45956,-0.41710,0.22805
-0.45956,-0.41710,0.22805
-0.45956,-0.41710,0.22805
-0.45956,-0.41710,0.22805
-0.45956,-0.41710,0.22805
-0.45942,-0.41847,0.22797
-0.45942,-0.41847,0.22797
-0.45942,-0.41847,0.22797
-0.45942,-0.41847,0.22797
-0.45942,-0.41847,0.22797
-0.45938,-0.41957,0.22787
-0.45938,-0.41957,0.22787
-0.45938,-0.41957,0.22787
-0.45938,-0.41957,0.22787
-0.45938,-0.41957,0.22787
-0.45941,-0.42051,0.22783
-0.45941,-0.42051,0.22783
-0.45941,-0.42051,0.22783
-0.45941,-0.42051,0.22783
-0.45941,-0.42051,0.22783
-0.45945,-0.42134,0.22780
-0.45945,-0.42134,0.22780
-0.45945,-0.42134,0.22780
-0.45945,-0.42134,0.22780
-0.45964,-0.42203,0.22784
-0.45964,-0.42203,0.22784
-0.45964,-0.42203,0.22784
-0.45964,-0.42203,0.22784
-0.45964,-0.42203,0.22784
-0.45964,-0.42203,0.22784
-0.45989,-0.42267,0.22793
-0.45989,-0.42267,0.22793
-0.45989,-0.42267,0.22793
-0.45989,-0.42267,0.22793
-0.45989,-0.42267,0.22793
-0.46031,-0.42319,0.22812
-0.46031,-0.42319,0.22812
-0.46031,-0.42319,0.22812
-0.46031,-0.42319,0.22812
-0.46031,-0.42319,0.22812
-0.46074,-0.42366,0.22836
-0.46074,-0.42366,0.22836
-0.46074,-0.42366,0.22836
-0.46074,-0.42366,0.22836
-0.46074,-0.42366,0.22836
-0.46114,-0.42408,0.22860
-0.46114,-0.42408,0.22860
-0.46114,-0.42408,0.22860
-0.46114,-0.42408,0.22860
-0.46114,-0.42408,0.22860
-0.46152,-0.42445,0.22883
-0.46152,-0.42445,0.22883
-0.46152,-0.42445,0.22883
-0.46152,-0.42445,0.22883
-0.46152,-0.42445,0.22883
-0.46179,-0.42477,0.22905
-0.46179,-0.42477,0.22905
-0.46179,-0.42477,0.22905
-0.46179,-0.42477,0.22905
-0.46179,-0.42477,0.22905
-0.46198,-0.42501,0.22925
-0.46198,-0.42501,0.22925
-0.46198,-0.42501,0.22925
-0.46198,-0.42501,0.22925
-0.46203,-0.42515,0.22938
-0.46203,-0.42515,0.22938
-0.46203,-0.42515,0.22938
-0.46203,-0.42515,0.22938
-0.46203,-0.42515,0.22938
-0.46203,-0.42515,0.22938
-0.46199,-0.42524,0.22945
-0.46199,-0.42524,0.22945
-0.46199,-0.42524,0.22945
-0.46199,-0.42524,0.22945
-0.46199,-0.42524,0.22945
-0.46182,-0.42526,0.22945
-0.46182,-0.42526,0.22945
-0.46182,-0.42526,0.22945
-0.46182,-0.42526,0.22945
-0.46182,-0.42526,0.22945
-0.46155,-0.42530,0.22941
-0.46155,-0.42530,0.22941
-0.46155,-0.42530,0.22941
-0.46155,-0.42530,0.22941
-0.46155,-0.42530,0.22941
-0.46130,-0.42537,0.22938
-0.46130,-0.42537,0.22938
-0.46130,-0.42537,0.22938
-0.46130,-0.42537,0.22938
-0.46130,-0.42537,0.22938
-0.46111,-0.42541,0.22933
-0.46111,-0.42541,0.22933
-0.46111,-0.42541,0.22933
-0.46111,-0.42541,0.22933
-0.46111,-0.42541,0.22933
-0.46097,-0.42545,0.22929
-0.46097,-0.42545,0.22929
-0.46097,-0.42545,0.22929
-0.46097,-0.42545,0.22929
-0.46097,-0.42545,0.22929
-0.46088,-0.42551,0.22928
-0.46088,-0.42551,0.22928
-0.46088,-0.42551,0.22928
-0.46088,-0.42551,0.22928
-0.46088,-0.42551,0.22928
-0.46083,-0.42559,0.22930
-0.46083,-0.42559,0.22930
-0.46083,-0.42559,0.22930
-0.46083,-0.42559,0.22930
-0.46083,-0.42559,0.22930
-0.46082,-0.42564,0.22933
-0.46082,-0.42564,0.22933
-0.46082,-0.42564,0.22933
-0.46082,-0.42564,0.22933
-0.46082,-0.42564,0.22933
-0.46084,-0.42567,0.22937
-0.46084,-0.42567,0.22937
-0.46084,-0.42567,0.22937
-0.46084,-0.42567,0.22937
-0.46084,-0.42567,0.22937
-0.46087,-0.42568,0.22941
-0.46087,-0.42568,0.22941
-0.46087,-0.42568,0.22941
-0.46087,-0.42568,0.22941
-0.46087,-0.42568,0.22941
-0.46088,-0.42569,0.22945
-0.46088,-0.42569,0.22945
-0.46088,-0.42569,0.22945
-0.46088,-0.42569,0.22945
-0.46088,-0.42569,0.22945
-0.46089,-0.42568,0.22947
-0.46089,-0.42568,0.22947
-0.46089,-0.42568,0.22947
-0.46089,-0.42568,0.22947
-0.46089,-0.42568,0.22947
-0.46090,-0.42567,0.22950
-0.46090,-0.42567,0.22950
-0.46090,-0.42567,0.22950
-0.46090,-0.42567,0.22950
-0.46090,-0.42567,0.22950
-0.46092,-0.42564,0.22952
-0.46092,-0.42564,0.22952
-0.46092,-0.42564,0.22952
-0.46092,-0.42564,0.22952
-0.46092,-0.42564,0.22952
-0.46095,-0.42562,0.22954
-0.46095,-0.42562,0.22954
-0.46095,-0.42562,0.22954
-0.46095,-0.42562,0.22954
-0.46095,-0.42562,0.22954
-0.46097,-0.42560,0.22955
-0.46097,-0.42560,0.22955
-0.46097,-0.42560,0.22955
-0.46097,-0.42560,0.22955
-0.46097,-0.42560,0.22955
-0.46099,-0.42558,0.22956
-0.46099,-0.42558,0.22956
-0.46099,-0.42558,0.22956
-0.46099,-0.42558,0.22956
-0.46099,-0.42558,0.22956
-0.46100,-0.42557,0.22957
-0.46100,-0.42557,0.22957
-0.46100,-0.42557,0.22957
-0.46100,-0.42557,0.22957
-0.46100,-0.42557,0.22957
-0.46100,-0.42557,0.22957
