-0.46060,0.42417,0.22965
-0.46060,0.42417,0.22965
-0.46060,0.42417,0.22965
-0.46060,0.42417,0.22965
-0.46060,0.42417,0.22965
-0.46060,0.42417,0.22965
-0.46060,0.42417,0.22965
-0.46060,0.42417,0.22965
-0.46060,0.42417,0.22965
-0.46060,0.42417,0.22965
-0.46060,0.42417,0.22965
-0.46060,0.42417,0.22965
-0.46060,0.42417,0.22965
-0.46060,0.42417,0.22965
-0.46060,0.42417,0.22965
-0.46060,0.42417,0.22965
-0.46060,0.42417,0.22965
-0.46060,0.42417,0.22965
-0.46060,0.42417,0.22965
-0.46060,0.42417,0.22965
-0.46060,0.42417,0.22965
-0.46060,0.42417,0.22965
-0.46060,0.42417,0.22965
-0.46060,0.42417,0.22965
-0.46060,0.42417,0.22965
-0.46060,0.42417,0.22965
-0.46060,0.42417,0.22965
-0.46060,0.42417,0.22965
-0.46060,0.42417,0.22965
-0.46060,0.42417,0.22965
-0.46060,0.42417,0.22965
-0.46060,0.42417,0.22965
-0.46060,0.42417,0.22965
-0.46060,0.42417,0.22965
-0.46086,0.42376,0.22960
-0.46086,0.42376,0.22960
-0.46086,0.42376,0.22960
-0.46086,0.42376,0.22960
-0.46086,0.42376,0.22960
-0.46140,0.42277,0.22955
-0.46140,0.42277,0.22955
-0.46140,0.42277,0.22955
-0.46140,0.42277,0.22955
-0.46140,0.42277,0.22955
-0.46169,0.42159,0.22933
-0.46169,0.42159,0.22933
-0.46169,0.42159,0.22933
-0.46169,0.42159,0.22933
-0.46169,0.42159,0.22933
-0.46193,0.42013,0.22910
-0.46193,0.42013,0.22910
-0.46193,0.42013,0.22910
-0.46193,0.42013,0.22910
-0.46193,0.42013,0.22910
-0.46229,0.41822,0.22887
-0.46229,0.41822,0.22887
-0.46229,0.41822,0.22887
-0.46229,0.41822,0.22887
-0.46229,0.41822,0.22887
-0.46283,0.41611,0.22873
-0.46283,0.41611,0.22873
-0.46283,0.41611,0.22873
-0.46283,0.41611,0.22873
-0.46283,0.41611,0.22873
-0.46340,0.41387,0.22851
-0.46340,0.41387,0.22851
-0.46340,0.41387,0.22851
-0.46340,0.41387,0.22851
-0.46340,0.41387,0.22851
-0.46413,0.41159,0.22840
-0.46413,0.41159,0.22840
-0.46413,0.41159,0.22840
-0.46413,0.41159,0.22840
-0.46413,0.41159,0.22840
-0.46492,0.40924,0.22835
-0.46492,0.40924,0.22835
-0.46492,0.40924,0.22835
-0.46492,0.40924,0.22835
-0.46492,0.40924,0.22835
-0.46580,0.40692,0.22847
-0.46580,0.40692,0.22847
-0.46580,0.40692,0.22847
-0.46580,0.40692,0.22847
-0.46580,0.40692,0.22847
-0.46666,0.40462,0.22862
-0.46666,0.40462,0.22862
-0.46666,0.40462,0.22862
-0.46666,0.40462,0.22862
-0.46666,0.40462,0.22862
-0.46750,0.40240,0.22886
-0.46750,0.40240,0.22886
-0.46750,0.40240,0.22886
-0.46750,0.40240,0.22886
-0.46750,0.40240,0.22886
-0.46828,0.40024,0.22925
-0.46828,0.40024,0.22925
-0.46828,0.40024,0.22925
-0.46828,0.40024,0.22925
-0.46828,0.40024,0.22925
-0.46890,0.39842,0.22996
-0.46890,0.39842,0.22996
-0.46890,0.39842,0.22996
-0.46890,0.39842,0.22996
-0.46890,0.39842,0.22996
-0.46948,0.39664,0.23053
-0.46948,0.39664,0.23053
-0.46948,0.39664,0.23053
-0.46948,0.39664,0.23053
-0.46948,0.39664,0.23053
-0.46995,0.39505,0.23124
-0.46995,0.39505,0.23124
-0.46995,0.39505,0.23124
-0.46995,0.39505,0.23124
-0.46995,0.39505,0.23124
-0.47037,0.39361,0.23228
-0.47037,0.39361,0.23228
-0.47037,0.39361,0.23228
-0.47037,0.39361,0.23228
-0.47037,0.39361,0.23228
-0.47063,0.39228,0.23336
-0.47063,0.39228,0.23336
-0.47063,0.39228,0.23336
-0.47063,0.39228,0.23336
-0.47063,0.39228,0.23336
-0.47088,0.39100,0.23460
-0.47088,0.39100,0.23460
-0.47088,0.39100,0.23460
-0.47088,0.39100,0.23460
-0.47088,0.39100,0.23460
-0.47110,0.38972,0.23598
-0.47110,0.38972,0.23598
-0.47110,0.38972,0.23598
-0.47110,0.38972,0.23598
-0.47110,0.38972,0.23598
-0.47124,0.38838,0.23726
-0.47124,0.38838,0.23726
-0.47124,0.38838,0.23726
-0.47124,0.38838,0.23726
-0.47124,0.38838,0.23726
-0.47137,0.38704,0.23858
-0.47137,0.38704,0.23858
-0.47137,0.38704,0.23858
-0.47137,0.38704,0.23858
-0.47137,0.38704,0.23858
-0.47146,0.38563,0.23994
-0.47146,0.38563,0.23994
-0.47146,0.38563,0.23994
-0.47146,0.38563,0.23994
-0.47146,0.38563,0.23994
-0.47149,0.38421,0.24138
-0.47149,0.38421,0.24138
-0.47149,0.38421,0.24138
-0.47149,0.38421,0.24138
-0.47149,0.38421,0.24138
-0.47148,0.38272,0.24280
-0.47148,0.38272,0.24280
-0.47148,0.38272,0.24280
-0.47148,0.38272,0.24280
-0.47148,0.38272,0.24280
-0.47146,0.38117,0.24416
-0.47146,0.38117,0.24416
-0.47146,0.38117,0.24416
-0.47146,0.38117,0.24416
-0.47146,0.38117,0.24416
-0.47141,0.37953,0.24547
-0.47141,0.37953,0.24547
-0.47141,0.37953,0.24547
-0.47141,0.37953,0.24547
-0.47141,0.37953,0.24547
-0.47140,0.37777,0.24687
-0.47140,0.37777,0.24687
-0.47140,0.37777,0.24687
-0.47140,0.37777,0.24687
-0.47140,0.37777,0.24687
-0.47142,0.37592,0.24836
-0.47142,0.37592,0.24836
-0.47142,0.37592,0.24836
-0.47142,0.37592,0.24836
-0.47142,0.37592,0.24836
-0.47140,0.37405,0.24977
-0.47140,0.37405,0.24977
-0.47140,0.37405,0.24977
-0.47140,0.37405,0.24977
-0.47140,0.37405,0.24977
-0.47131,0.37227,0.25113
-0.47131,0.37227,0.25113
-0.47131,0.37227,0.25113
-0.47131,0.37227,0.25113
-0.47131,0.37227,0.25113
-0.47120,0.37054,0.25261
-0.47120,0.37054,0.25261
-0.47120,0.37054,0.25261
-0.47120,0.37054,0.25261
-0.47120,0.37054,0.25261
-0.47111,0.36878,0.25421
-0.47111,0.36878,0.25421
-0.47111,0.36878,0.25421
-0.47111,0.36878,0.25421
-0.47111,0.36878,0.25421
-0.47101,0.36702,0.25579
-0.47101,0.36702,0.25579
-0.47101,0.36702,0.25579
-0.47101,0.36702,0.25579
-0.47101,0.36702,0.25579
-0.47093,0.36527,0.25730
-0.47093,0.36527,0.25730
-0.47093,0.36527,0.25730
-0.47093,0.36527,0.25730
-0.47093,0.36527,0.25730
-0.47082,0.36351,0.25885
-0.47082,0.36351,0.25885
-0.47082,0.36351,0.25885
-0.47082,0.36351,0.25885
-0.47082,0.36351,0.25885
-0.47080,0.36172,0.26065
-0.47080,0.36172,0.26065
-0.47080,0.36172,0.26065
-0.47080,0.36172,0.26065
-0.47080,0.36172,0.26065
-0.47076,0.35986,0.26239
-0.47076,0.35986,0.26239
-0.47076,0.35986,0.26239
-0.47076,0.35986,0.26239
-0.47076,0.35986,0.26239
-0.47069,0.35800,0.26396
-0.47069,0.35800,0.26396
-0.47069,0.35800,0.26396
-0.47069,0.35800,0.26396
-0.47069,0.35800,0.26396
-0.47063,0.35618,0.26564
-0.47063,0.35618,0.26564
-0.47063,0.35618,0.26564
-0.47063,0.35618,0.26564
-0.47063,0.35618,0.26564
-0.47059,0.35441,0.26758
-0.47059,0.35441,0.26758
-0.47059,0.35441,0.26758
-0.47059,0.35441,0.26758
-0.47059,0.35441,0.26758
-0.47050,0.35260,0.26939
-0.47050,0.35260,0.26939
-0.47050,0.35260,0.26939
-0.47050,0.35260,0.26939
-0.47050,0.35260,0.26939
-0.47036,0.35078,0.27101
-0.47036,0.35078,0.27101
-0.47036,0.35078,0.27101
-0.47036,0.35078,0.27101
-0.47036,0.35078,0.27101
-0.47025,0.34896,0.27278
-0.47025,0.34896,0.27278
-0.47025,0.34896,0.27278
-0.47025,0.34896,0.27278
-0.47025,0.34896,0.27278
-0.47019,0.34714,0.27477
-0.47019,0.34714,0.27477
-0.47019,0.34714,0.27477
-0.47019,0.34714,0.27477
-0.47019,0.34714,0.27477
-0.47015,0.34532,0.27666
-0.47015,0.34532,0.27666
-0.47015,0.34532,0.27666
-0.47015,0.34532,0.27666
-0.47015,0.34532,0.27666
-0.47008,0.34346,0.27830
-0.47008,0.34346,0.27830
-0.47008,0.34346,0.27830
-0.47008,0.34346,0.27830
-0.47008,0.34346,0.27830
-0.46999,0.34161,0.28012
-0.46999,0.34161,0.28012
-0.46999,0.34161,0.28012
-0.46999,0.34161,0.28012
-0.46999,0.34161,0.28012
-0.46997,0.33984,0.28224
-0.46997,0.33984,0.28224
-0.46997,0.33984,0.28224
-0.46997,0.33984,0.28224
-0.46997,0.33984,0.28224
-0.46987,0.33806,0.28406
-0.46987,0.33806,0.28406
-0.46987,0.33806,0.28406
-0.46987,0.33806,0.28406
-0.46987,0.33806,0.28406
-0.46976,0.33632,0.28581
-0.46976,0.33632,0.28581
-0.46976,0.33632,0.28581
-0.46976,0.33632,0.28581
-0.46976,0.33632,0.28581
-0.46968,0.33455,0.28778
-0.46968,0.33455,0.28778
-0.46968,0.33455,0.28778
-0.46968,0.33455,0.28778
-0.46968,0.33455,0.28778
-0.46959,0.33275,0.28979
-0.46959,0.33275,0.28979
-0.46959,0.33275,0.28979
-0.46959,0.33275,0.28979
-0.46959,0.33275,0.28979
-0.46951,0.33097,0.29157
-0.46951,0.33097,0.29157
-0.46951,0.33097,0.29157
-0.46951,0.33097,0.29157
-0.46951,0.33097,0.29157
-0.46938,0.32916,0.29334
-0.46938,0.32916,0.29334
-0.46938,0.32916,0.29334
-0.46938,0.32916,0.29334
-0.46938,0.32916,0.29334
-0.46928,0.32739,0.29544
-0.46928,0.32739,0.29544
-0.46928,0.32739,0.29544
-0.46928,0.32739,0.29544
-0.46928,0.32739,0.29544
-0.46915,0.32557,0.29740
-0.46915,0.32557,0.29740
-0.46915,0.32557,0.29740
-0.46915,0.32557,0.29740
-0.46915,0.32557,0.29740
-0.46896,0.32377,0.29910
-0.46896,0.32377,0.29910
-0.46896,0.32377,0.29910
-0.46896,0.32377,0.29910
-0.46896,0.32377,0.29910
-0.46878,0.32198,0.30103
-0.46878,0.32198,0.30103
-0.46878,0.32198,0.30103
-0.46878,0.32198,0.30103
-0.46878,0.32198,0.30103
-0.46861,0.32016,0.30317
-0.46861,0.32016,0.30317
-0.46861,0.32016,0.30317
-0.46861,0.32016,0.30317
-0.46861,0.32016,0.30317
-0.46847,0.31837,0.30511
-0.46847,0.31837,0.30511
-0.46847,0.31837,0.30511
-0.46847,0.31837,0.30511
-0.46847,0.31837,0.30511
-0.46828,0.31658,0.30692
-0.46828,0.31658,0.30692
-0.46828,0.31658,0.30692
-0.46828,0.31658,0.30692
-0.46828,0.31658,0.30692
-0.46811,0.31479,0.30898
-0.46811,0.31479,0.30898
-0.46811,0.31479,0.30898
-0.46811,0.31479,0.30898
-0.46811,0.31479,0.30898
-0.46798,0.31300,0.31115
-0.46798,0.31300,0.31115
-0.46798,0.31300,0.31115
-0.46798,0.31300,0.31115
-0.46798,0.31300,0.31115
-0.46785,0.31124,0.31309
-0.46785,0.31124,0.31309
-0.46785,0.31124,0.31309
-0.46785,0.31124,0.31309
-0.46785,0.31124,0.31309
-0.46771,0.30952,0.31504
-0.46771,0.30952,0.31504
-0.46771,0.30952,0.31504
-0.46771,0.30952,0.31504
-0.46771,0.30952,0.31504
-0.46764,0.30783,0.31735
-0.46764,0.30783,0.31735
-0.46764,0.30783,0.31735
-0.46764,0.30783,0.31735
-0.46764,0.30783,0.31735
-0.46758,0.30610,0.31954
-0.46758,0.30610,0.31954
-0.46758,0.30610,0.31954
-0.46758,0.30610,0.31954
-0.46758,0.30610,0.31954
-0.46752,0.30440,0.32148
-0.46752,0.30440,0.32148
-0.46752,0.30440,0.32148
-0.46752,0.30440,0.32148
-0.46752,0.30440,0.32148
-0.46747,0.30271,0.32358
-0.46747,0.30271,0.32358
-0.46747,0.30271,0.32358
-0.46747,0.30271,0.32358
-0.46747,0.30271,0.32358
-0.46743,0.30098,0.32589
-0.46743,0.30098,0.32589
-0.46743,0.30098,0.32589
-0.46743,0.30098,0.32589
-0.46743,0.30098,0.32589
-0.46737,0.29928,0.32798
-0.46737,0.29928,0.32798
-0.46737,0.29928,0.32798
-0.46737,0.29928,0.32798
-0.46737,0.29928,0.32798
-0.46730,0.29761,0.32998
-0.46730,0.29761,0.32998
-0.46730,0.29761,0.32998
-0.46730,0.29761,0.32998
-0.46730,0.29761,0.32998
-0.46717,0.29592,0.33214
-0.46717,0.29592,0.33214
-0.46717,0.29592,0.33214
-0.46717,0.29592,0.33214
-0.46717,0.29592,0.33214
-0.46712,0.29420,0.33446
-0.46712,0.29420,0.33446
-0.46712,0.29420,0.33446
-0.46712,0.29420,0.33446
-0.46712,0.29420,0.33446
-0.46705,0.29246,0.33651
-0.46705,0.29246,0.33651
-0.46705,0.29246,0.33651
-0.46705,0.29246,0.33651
-0.46705,0.29246,0.33651
-0.46695,0.29074,0.33848
-0.46695,0.29074,0.33848
-0.46695,0.29074,0.33848
-0.46695,0.29074,0.33848
-0.46695,0.29074,0.33848
-0.46687,0.28901,0.34068
-0.46687,0.28901,0.34068
-0.46687,0.28901,0.34068
-0.46687,0.28901,0.34068
-0.46687,0.28901,0.34068
-0.46685,0.28728,0.34292
-0.46685,0.28728,0.34292
-0.46685,0.28728,0.34292
-0.46685,0.28728,0.34292
-0.46685,0.28728,0.34292
-0.46680,0.28558,0.34494
-0.46680,0.28558,0.34494
-0.46680,0.28558,0.34494
-0.46680,0.28558,0.34494
-0.46680,0.28558,0.34494
-0.46674,0.28393,0.34697
-0.46674,0.28393,0.34697
-0.46674,0.28393,0.34697
-0.46674,0.28393,0.34697
-0.46674,0.28393,0.34697
-0.46670,0.28228,0.34921
-0.46670,0.28228,0.34921
-0.46670,0.28228,0.34921
-0.46670,0.28228,0.34921
-0.46670,0.28228,0.34921
-0.46673,0.28062,0.35151
-0.46673,0.28062,0.35151
-0.46673,0.28062,0.35151
-0.46673,0.28062,0.35151
-0.46673,0.28062,0.35151
-0.46675,0.27894,0.35355
-0.46675,0.27894,0.35355
-0.46675,0.27894,0.35355
-0.46675,0.27894,0.35355
-0.46675,0.27894,0.35355
-0.46677,0.27728,0.35561
-0.46677,0.27728,0.35561
-0.46677,0.27728,0.35561
-0.46677,0.27728,0.35561
-0.46677,0.27728,0.35561
-0.46681,0.27559,0.35785
-0.46681,0.27559,0.35785
-0.46681,0.27559,0.35785
-0.46681,0.27559,0.35785
-0.46681,0.27559,0.35785
-0.46686,0.27387,0.36012
-0.46686,0.27387,0.36012
-0.46686,0.27387,0.36012
-0.46686,0.27387,0.36012
-0.46686,0.27387,0.36012
-0.46687,0.27221,0.36219
-0.46687,0.27221,0.36219
-0.46687,0.27221,0.36219
-0.46687,0.27221,0.36219
-0.46687,0.27221,0.36219
-0.46682,0.27057,0.36421
-0.46682,0.27057,0.36421
-0.46682,0.27057,0.36421
-0.46682,0.27057,0.36421
-0.46682,0.27057,0.36421
-0.46679,0.26891,0.36639
-0.46679,0.26891,0.36639
-0.46679,0.26891,0.36639
-0.46679,0.26891,0.36639
-0.46679,0.26891,0.36639
-0.46681,0.26718,0.36865
-0.46681,0.26718,0.36865
-0.46681,0.26718,0.36865
-0.46681,0.26718,0.36865
-0.46681,0.26718,0.36865
-0.46682,0.26547,0.37070
-0.46682,0.26547,0.37070
-0.46682,0.26547,0.37070
-0.46682,0.26547,0.37070
-0.46682,0.26547,0.37070
-0.46684,0.26377,0.37268
-0.46684,0.26377,0.37268
-0.46684,0.26377,0.37268
-0.46684,0.26377,0.37268
-0.46684,0.26377,0.37268
-0.46687,0.26205,0.37479
-0.46687,0.26205,0.37479
-0.46687,0.26205,0.37479
-0.46687,0.26205,0.37479
-0.46687,0.26205,0.37479
-0.46692,0.26034,0.37704
-0.46692,0.26034,0.37704
-0.46692,0.26034,0.37704
-0.46692,0.26034,0.37704
-0.46692,0.26034,0.37704
-0.46696,0.25867,0.37916
-0.46696,0.25867,0.37916
-0.46696,0.25867,0.37916
-0.46696,0.25867,0.37916
-0.46696,0.25867,0.37916
-0.46701,0.25703,0.38117
-0.46701,0.25703,0.38117
-0.46701,0.25703,0.38117
-0.46701,0.25703,0.38117
-0.46701,0.25703,0.38117
-0.46705,0.25538,0.38326
-0.46705,0.25538,0.38326
-0.46705,0.25538,0.38326
-0.46705,0.25538,0.38326
-0.46705,0.25538,0.38326
-0.46713,0.25367,0.38545
-0.46713,0.25367,0.38545
-0.46713,0.25367,0.38545
-0.46713,0.25367,0.38545
-0.46713,0.25367,0.38545
-0.46723,0.25195,0.38764
-0.46723,0.25195,0.38764
-0.46723,0.25195,0.38764
-0.46723,0.25195,0.38764
-0.46723,0.25195,0.38764
-0.46735,0.25023,0.38969
-0.46735,0.25023,0.38969
-0.46735,0.25023,0.38969
-0.46735,0.25023,0.38969
-0.46735,0.25023,0.38969
-0.46743,0.24854,0.39168
-0.46743,0.24854,0.39168
-0.46743,0.24854,0.39168
-0.46743,0.24854,0.39168
-0.46743,0.24854,0.39168
-0.46749,0.24686,0.39379
-0.46749,0.24686,0.39379
-0.46749,0.24686,0.39379
-0.46749,0.24686,0.39379
-0.46749,0.24686,0.39379
-0.46756,0.24516,0.39597
-0.46756,0.24516,0.39597
-0.46756,0.24516,0.39597
-0.46756,0.24516,0.39597
-0.46756,0.24516,0.39597
-0.46762,0.24343,0.39805
-0.46762,0.24343,0.39805
-0.46762,0.24343,0.39805
-0.46762,0.24343,0.39805
-0.46762,0.24343,0.39805
-0.46770,0.24170,0.40002
-0.46770,0.24170,0.40002
-0.46770,0.24170,0.40002
-0.46770,0.24170,0.40002
-0.46770,0.24170,0.40002
-0.46778,0.23995,0.40200
-0.46778,0.23995,0.40200
-0.46778,0.23995,0.40200
-0.46778,0.23995,0.40200
-0.46778,0.23995,0.40200
-0.46785,0.23819,0.40404
-0.46785,0.23819,0.40404
-0.46785,0.23819,0.40404
-0.46785,0.23819,0.40404
-0.46785,0.23819,0.40404
-0.46792,0.23642,0.40615
-0.46792,0.23642,0.40615
-0.46792,0.23642,0.40615
-0.46792,0.23642,0.40615
-0.46792,0.23642,0.40615
-0.46796,0.23468,0.40818
-0.46796,0.23468,0.40818
-0.46796,0.23468,0.40818
-0.46796,0.23468,0.40818
-0.46796,0.23468,0.40818
-0.46802,0.23297,0.41011
-0.46802,0.23297,0.41011
-0.46802,0.23297,0.41011
-0.46802,0.23297,0.41011
-0.46802,0.23297,0.41011
-0.46809,0.23121,0.41205
-0.46809,0.23121,0.41205
-0.46809,0.23121,0.41205
-0.46809,0.23121,0.41205
-0.46809,0.23121,0.41205
-0.46820,0.22940,0.41405
-0.46820,0.22940,0.41405
-0.46820,0.22940,0.41405
-0.46820,0.22940,0.41405
-0.46820,0.22940,0.41405
-0.46831,0.22756,0.41609
-0.46831,0.22756,0.41609
-0.46831,0.22756,0.41609
-0.46831,0.22756,0.41609
-0.46831,0.22756,0.41609
-0.46840,0.22575,0.41805
-0.46840,0.22575,0.41805
-0.46840,0.22575,0.41805
-0.46840,0.22575,0.41805
-0.46840,0.22575,0.41805
-0.46847,0.22399,0.41994
-0.46847,0.22399,0.41994
-0.46847,0.22399,0.41994
-0.46847,0.22399,0.41994
-0.46847,0.22399,0.41994
-0.46853,0.22223,0.42182
-0.46853,0.22223,0.42182
-0.46853,0.22223,0.42182
-0.46853,0.22223,0.42182
-0.46853,0.22223,0.42182
-0.46859,0.22042,0.42375
-0.46859,0.22042,0.42375
-0.46859,0.22042,0.42375
-0.46859,0.22042,0.42375
-0.46859,0.22042,0.42375
-0.46867,0.21855,0.42572
-0.46867,0.21855,0.42572
-0.46867,0.21855,0.42572
-0.46867,0.21855,0.42572
-0.46867,0.21855,0.42572
-0.46874,0.21666,0.42763
-0.46874,0.21666,0.42763
-0.46874,0.21666,0.42763
-0.46874,0.21666,0.42763
-0.46874,0.21666,0.42763
-0.46881,0.21480,0.42944
-0.46881,0.21480,0.42944
-0.46881,0.21480,0.42944
-0.46881,0.21480,0.42944
-0.46881,0.21480,0.42944
-0.46886,0.21297,0.43123
-0.46886,0.21297,0.43123
-0.46886,0.21297,0.43123
-0.46886,0.21297,0.43123
-0.46886,0.21297,0.43123
-0.46890,0.21113,0.43306
-0.46890,0.21113,0.43306
-0.46890,0.21113,0.43306
-0.46890,0.21113,0.43306
-0.46890,0.21113,0.43306
-0.46894,0.20925,0.43494
-0.46894,0.20925,0.43494
-0.46894,0.20925,0.43494
-0.46894,0.20925,0.43494
-0.46894,0.20925,0.43494
-0.46898,0.20733,0.43683
-0.46898,0.20733,0.43683
-0.46898,0.20733,0.43683
-0.46898,0.20733,0.43683
-0.46898,0.20733,0.43683
-0.46905,0.20539,0.43860
-0.46905,0.20539,0.43860
-0.46905,0.20539,0.43860
-0.46905,0.20539,0.43860
-0.46905,0.20539,0.43860
-0.46912,0.20348,0.44031
-0.46912,0.20348,0.44031
-0.46912,0.20348,0.44031
-0.46912,0.20348,0.44031
-0.46912,0.20348,0.44031
-0.46917,0.20158,0.44205
-0.46917,0.20158,0.44205
-0.46917,0.20158,0.44205
-0.46917,0.20158,0.44205
-0.46917,0.20158,0.44205
-0.46920,0.19967,0.44382
-0.46920,0.19967,0.44382
-0.46920,0.19967,0.44382
-0.46920,0.19967,0.44382
-0.46920,0.19967,0.44382
-0.46922,0.19771,0.44562
-0.46922,0.19771,0.44562
-0.46922,0.19771,0.44562
-0.46922,0.19771,0.44562
-0.46922,0.19771,0.44562
-0.46924,0.19573,0.44741
-0.46924,0.19573,0.44741
-0.46924,0.19573,0.44741
-0.46924,0.19573,0.44741
-0.46924,0.19573,0.44741
-0.46930,0.19373,0.44908
-0.46930,0.19373,0.44908
-0.46930,0.19373,0.44908
-0.46930,0.19373,0.44908
-0.46930,0.19373,0.44908
-0.46935,0.19175,0.45070
-0.46935,0.19175,0.45070
-0.46935,0.19175,0.45070
-0.46935,0.19175,0.45070
-0.46935,0.19175,0.45070
-0.46939,0.18979,0.45234
-0.46939,0.18979,0.45234
-0.46939,0.18979,0.45234
-0.46939,0.18979,0.45234
-0.46939,0.18979,0.45234
-0.46941,0.18779,0.45403
-0.46941,0.18779,0.45403
-0.46941,0.18779,0.45403
-0.46941,0.18779,0.45403
-0.46941,0.18779,0.45403
-0.46943,0.18577,0.45574
-0.46943,0.18577,0.45574
-0.46943,0.18577,0.45574
-0.46943,0.18577,0.45574
-0.46943,0.18577,0.45574
-0.46945,0.18370,0.45742
-0.46945,0.18370,0.45742
-0.46945,0.18370,0.45742
-0.46945,0.18370,0.45742
-0.46945,0.18370,0.45742
-0.46949,0.18165,0.45900
-0.46949,0.18165,0.45900
-0.46949,0.18165,0.45900
-0.46949,0.18165,0.45900
-0.46949,0.18165,0.45900
-0.46953,0.17963,0.46053
-0.46953,0.17963,0.46053
-0.46953,0.17963,0.46053
-0.46953,0.17963,0.46053
-0.46953,0.17963,0.46053
-0.46956,0.17758,0.46208
-0.46956,0.17758,0.46208
-0.46956,0.17758,0.46208
-0.46956,0.17758,0.46208
-0.46956,0.17758,0.46208
-0.46958,0.17548,0.46366
-0.46958,0.17548,0.46366
-0.46958,0.17548,0.46366
-0.46958,0.17548,0.46366
-0.46958,0.17548,0.46366
-0.46958,0.17334,0.46526
-0.46958,0.17334,0.46526
-0.46958,0.17334,0.46526
-0.46958,0.17334,0.46526
-0.46958,0.17334,0.46526
-0.46958,0.17122,0.46684
-0.46958,0.17122,0.46684
-0.46958,0.17122,0.46684
-0.46958,0.17122,0.46684
-0.46958,0.17122,0.46684
-0.46959,0.16914,0.46832
-0.46959,0.16914,0.46832
-0.46959,0.16914,0.46832
-0.46959,0.16914,0.46832
-0.46959,0.16914,0.46832
-0.46960,0.16706,0.46976
-0.46960,0.16706,0.46976
-0.46960,0.16706,0.46976
-0.46960,0.16706,0.46976
-0.46960,0.16706,0.46976
-0.46963,0.16490,0.47121
-0.46963,0.16490,0.47121
-0.46963,0.16490,0.47121
-0.46963,0.16490,0.47121
-0.46963,0.16490,0.47121
-0.46967,0.16268,0.47265
-0.46967,0.16268,0.47265
-0.46967,0.16268,0.47265
-0.46967,0.16268,0.47265
-0.46967,0.16268,0.47265
-0.46969,0.16050,0.47411
-0.46969,0.16050,0.47411
-0.46969,0.16050,0.47411
-0.46969,0.16050,0.47411
-0.46969,0.16050,0.47411
-0.46968,0.15836,0.47559
-0.46968,0.15836,0.47559
-0.46968,0.15836,0.47559
-0.46968,0.15836,0.47559
-0.46968,0.15836,0.47559
-0.46968,0.15623,0.47700
-0.46968,0.15623,0.47700
-0.46968,0.15623,0.47700
-0.46968,0.15623,0.47700
-0.46968,0.15623,0.47700
-0.46971,0.15404,0.47835
-0.46971,0.15404,0.47835
-0.46971,0.15404,0.47835
-0.46971,0.15404,0.47835
-0.46971,0.15404,0.47835
-0.46976,0.15175,0.47969
-0.46976,0.15175,0.47969
-0.46976,0.15175,0.47969
-0.46976,0.15175,0.47969
-0.46976,0.15175,0.47969
-0.46978,0.14952,0.48100
-0.46978,0.14952,0.48100
-0.46978,0.14952,0.48100
-0.46978,0.14952,0.48100
-0.46978,0.14952,0.48100
-0.46979,0.14734,0.48228
-0.46979,0.14734,0.48228
-0.46979,0.14734,0.48228
-0.46979,0.14734,0.48228
-0.46979,0.14734,0.48228
-0.46978,0.14515,0.48359
-0.46978,0.14515,0.48359
-0.46978,0.14515,0.48359
-0.46978,0.14515,0.48359
-0.46978,0.14515,0.48359
-0.46975,0.14289,0.48494
-0.46975,0.14289,0.48494
-0.46975,0.14289,0.48494
-0.46975,0.14289,0.48494
-0.46975,0.14289,0.48494
-0.46975,0.14056,0.48623
-0.46975,0.14056,0.48623
-0.46975,0.14056,0.48623
-0.46975,0.14056,0.48623
-0.46975,0.14056,0.48623
-0.46976,0.13831,0.48744
-0.46976,0.13831,0.48744
-0.46976,0.13831,0.48744
-0.46976,0.13831,0.48744
-0.46976,0.13831,0.48744
-0.46975,0.13607,0.48862
-0.46975,0.13607,0.48862
-0.46975,0.13607,0.48862
-0.46975,0.13607,0.48862
-0.46975,0.13607,0.48862
-0.46977,0.13382,0.48977
-0.46977,0.13382,0.48977
-0.46977,0.13382,0.48977
-0.46977,0.13382,0.48977
-0.46977,0.13382,0.48977
-0.46980,0.13149,0.49091
-0.46980,0.13149,0.49091
-0.46980,0.13149,0.49091
-0.46980,0.13149,0.49091
-0.46980,0.13149,0.49091
-0.46982,0.12917,0.49207
-0.46982,0.12917,0.49207
-0.46982,0.12917,0.49207
-0.46982,0.12917,0.49207
-0.46982,0.12917,0.49207
-0.46982,0.12690,0.49323
-0.46982,0.12690,0.49323
-0.46982,0.12690,0.49323
-0.46982,0.12690,0.49323
-0.46982,0.12690,0.49323
-0.46981,0.12463,0.49439
-0.46981,0.12463,0.49439
-0.46981,0.12463,0.49439
-0.46981,0.12463,0.49439
-0.46981,0.12463,0.49439
-0.46983,0.12229,0.49549
-0.46983,0.12229,0.49549
-0.46983,0.12229,0.49549
-0.46983,0.12229,0.49549
-0.46983,0.12229,0.49549
-0.46986,0.11990,0.49654
-0.46986,0.11990,0.49654
-0.46986,0.11990,0.49654
-0.46986,0.11990,0.49654
-0.46986,0.11990,0.49654
-0.46989,0.11756,0.49757
-0.46989,0.11756,0.49757
-0.46989,0.11756,0.49757
-0.46989,0.11756,0.49757
-0.46989,0.11756,0.49757
-0.46990,0.11525,0.49855
-0.46990,0.11525,0.49855
-0.46990,0.11525,0.49855
-0.46990,0.11525,0.49855
-0.46990,0.11525,0.49855
-0.46992,0.11292,0.49950
-0.46992,0.11292,0.49950
-0.46992,0.11292,0.49950
-0.46992,0.11292,0.49950
-0.46992,0.11292,0.49950
-0.46993,0.11052,0.50046
-0.46993,0.11052,0.50046
-0.46993,0.11052,0.50046
-0.46993,0.11052,0.50046
-0.46993,0.11052,0.50046
-0.46995,0.10813,0.50143
-0.46995,0.10813,0.50143
-0.46995,0.10813,0.50143
-0.46995,0.10813,0.50143
-0.46995,0.10813,0.50143
-0.46995,0.10575,0.50236
-0.46995,0.10575,0.50236
-0.46995,0.10575,0.50236
-0.46995,0.10575,0.50236
-0.46995,0.10575,0.50236
-0.46995,0.10336,0.50329
-0.46995,0.10336,0.50329
-0.46995,0.10336,0.50329
-0.46995,0.10336,0.50329
-0.46995,0.10336,0.50329
-0.46995,0.10092,0.50419
-0.46995,0.10092,0.50419
-0.46995,0.10092,0.50419
-0.46995,0.10092,0.50419
-0.46995,0.10092,0.50419
-0.46996,0.09850,0.50505
-0.46996,0.09850,0.50505
-0.46996,0.09850,0.50505
-0.46996,0.09850,0.50505
-0.46996,0.09850,0.50505
-0.46997,0.09609,0.50584
-0.46997,0.09609,0.50584
-0.46997,0.09609,0.50584
-0.46997,0.09609,0.50584
-0.46997,0.09609,0.50584
-0.46999,0.09367,0.50663
-0.46999,0.09367,0.50663
-0.46999,0.09367,0.50663
-0.46999,0.09367,0.50663
-0.46999,0.09367,0.50663
-0.47002,0.09120,0.50740
-0.47002,0.09120,0.50740
-0.47002,0.09120,0.50740
-0.47002,0.09120,0.50740
-0.47002,0.09120,0.50740
-0.47006,0.08875,0.50813
-0.47006,0.08875,0.50813
-0.47006,0.08875,0.50813
-0.47006,0.08875,0.50813
-0.47006,0.08875,0.50813
-0.47012,0.08631,0.50883
-0.47012,0.08631,0.50883
-0.47012,0.08631,0.50883
-0.47012,0.08631,0.50883
-0.47012,0.08631,0.50883
-0.47017,0.08385,0.50952
-0.47017,0.08385,0.50952
-0.47017,0.08385,0.50952
-0.47017,0.08385,0.50952
-0.47017,0.08385,0.50952
-0.47023,0.08136,0.51019
-0.47023,0.08136,0.51019
-0.47023,0.08136,0.51019
-0.47023,0.08136,0.51019
-0.47023,0.08136,0.51019
-0.47030,0.07888,0.51087
-0.47030,0.07888,0.51087
-0.47030,0.07888,0.51087
-0.47030,0.07888,0.51087
-0.47030,0.07888,0.51087
-0.47036,0.07640,0.51149
-0.47036,0.07640,0.51149
-0.47036,0.07640,0.51149
-0.47036,0.07640,0.51149
-0.47036,0.07640,0.51149
-0.47040,0.07389,0.51209
-0.47040,0.07389,0.51209
-0.47040,0.07389,0.51209
-0.47040,0.07389,0.51209
-0.47040,0.07389,0.51209
-0.47044,0.07136,0.51272
-0.47044,0.07136,0.51272
-0.47044,0.07136,0.51272
-0.47044,0.07136,0.51272
-0.47044,0.07136,0.51272
-0.47048,0.06886,0.51327
-0.47048,0.06886,0.51327
-0.47048,0.06886,0.51327
-0.47048,0.06886,0.51327
-0.47048,0.06886,0.51327
-0.47052,0.06634,0.51377
-0.47052,0.06634,0.51377
-0.47052,0.06634,0.51377
-0.47052,0.06634,0.51377
-0.47052,0.06634,0.51377
-0.47057,0.06380,0.51426
-0.47057,0.06380,0.51426
-0.47057,0.06380,0.51426
-0.47057,0.06380,0.51426
-0.47057,0.06380,0.51426
-0.47062,0.06125,0.51472
-0.47062,0.06125,0.51472
-0.47062,0.06125,0.51472
-0.47062,0.06125,0.51472
-0.47062,0.06125,0.51472
-0.47066,0.05870,0.51514
-0.47066,0.05870,0.51514
-0.47066,0.05870,0.51514
-0.47066,0.05870,0.51514
-0.47066,0.05870,0.51514
-0.47070,0.05616,0.51553
-0.47070,0.05616,0.51553
-0.47070,0.05616,0.51553
-0.47070,0.05616,0.51553
-0.47070,0.05616,0.51553
-0.47078,0.05357,0.51591
-0.47078,0.05357,0.51591
-0.47078,0.05357,0.51591
-0.47078,0.05357,0.51591
-0.47078,0.05357,0.51591
-0.47083,0.05100,0.51628
-0.47083,0.05100,0.51628
-0.47083,0.05100,0.51628
-0.47083,0.05100,0.51628
-0.47083,0.05100,0.51628
-0.47089,0.04843,0.51659
-0.47089,0.04843,0.51659
-0.47089,0.04843,0.51659
-0.47089,0.04843,0.51659
-0.47089,0.04843,0.51659
-0.47098,0.04586,0.51686
-0.47098,0.04586,0.51686
-0.47098,0.04586,0.51686
-0.47098,0.04586,0.51686
-0.47098,0.04586,0.51686
-0.47108,0.04324,0.51713
-0.47108,0.04324,0.51713
-0.47108,0.04324,0.51713
-0.47108,0.04324,0.51713
-0.47108,0.04324,0.51713
-0.47120,0.04065,0.51739
-0.47120,0.04065,0.51739
-0.47120,0.04065,0.51739
-0.47120,0.04065,0.51739
-0.47120,0.04065,0.51739
-0.47133,0.03806,0.51760
-0.47133,0.03806,0.51760
-0.47133,0.03806,0.51760
-0.47133,0.03806,0.51760
-0.47133,0.03806,0.51760
-0.47146,0.03546,0.51777
-0.47146,0.03546,0.51777
-0.47146,0.03546,0.51777
-0.47146,0.03546,0.51777
-0.47146,0.03546,0.51777
-0.47158,0.03284,0.51794
-0.47158,0.03284,0.51794
-0.47158,0.03284,0.51794
-0.47158,0.03284,0.51794
-0.47158,0.03284,0.51794
-0.47169,0.03022,0.51807
-0.47169,0.03022,0.51807
-0.47169,0.03022,0.51807
-0.47169,0.03022,0.51807
-0.47169,0.03022,0.51807
-0.47182,0.02760,0.51815
-0.47182,0.02760,0.51815
-0.47182,0.02760,0.51815
-0.47182,0.02760,0.51815
-0.47182,0.02760,0.51815
-0.47194,0.02497,0.51821
-0.47194,0.02497,0.51821
-0.47194,0.02497,0.51821
-0.47194,0.02497,0.51821
-0.47194,0.02497,0.51821
-0.47205,0.02234,0.51826
-0.47205,0.02234,0.51826
-0.47205,0.02234,0.51826
-0.47205,0.02234,0.51826
-0.47205,0.02234,0.51826
-0.47216,0.01971,0.51827
-0.47216,0.01971,0.51827
-0.47216,0.01971,0.51827
-0.47216,0.01971,0.51827
-0.47216,0.01971,0.51827
-0.47226,0.01706,0.51827
-0.47226,0.01706,0.51827
-0.47226,0.01706,0.51827
-0.47226,0.01706,0.51827
-0.47226,0.01706,0.51827
-0.47235,0.01442,0.51826
-0.47235,0.01442,0.51826
-0.47235,0.01442,0.51826
-0.47235,0.01442,0.51826
-0.47235,0.01442,0.51826
-0.47243,0.01178,0.51825
-0.47243,0.01178,0.51825
-0.47243,0.01178,0.51825
-0.47243,0.01178,0.51825
-0.47243,0.01178,0.51825
-0.47249,0.00914,0.51823
-0.47249,0.00914,0.51823
-0.47249,0.00914,0.51823
-0.47249,0.00914,0.51823
-0.47249,0.00914,0.51823
-0.47254,0.00649,0.51821
-0.47254,0.00649,0.51821
-0.47254,0.00649,0.51821
-0.47254,0.00649,0.51821
-0.47254,0.00649,0.51821
-0.47257,0.00385,0.51821
-0.47257,0.00385,0.51821
-0.47257,0.00385,0.51821
-0.47257,0.00385,0.51821
-0.47257,0.00385,0.51821
-0.47258,0.00119,0.51820
-0.47258,0.00119,0.51820
-0.47258,0.00119,0.51820
-0.47258,0.00119,0.51820
-0.47258,0.00119,0.51820
-0.47258,-0.00146,0.51818
-0.47258,-0.00146,0.51818
-0.47258,-0.00146,0.51818
-0.47258,-0.00146,0.51818
-0.47258,-0.00146,0.51818
-0.47257,-0.00411,0.51817
-0.47257,-0.00411,0.51817
-0.47257,-0.00411,0.51817
-0.47257,-0.00411,0.51817
-0.47257,-0.00411,0.51817
-0.47254,-0.00675,0.51816
-0.47254,-0.00675,0.51816
-0.47254,-0.00675,0.51816
-0.47254,-0.00675,0.51816
-0.47254,-0.00675,0.51816
-0.47250,-0.00939,0.51813
-0.47250,-0.00939,0.51813
-0.47250,-0.00939,0.51813
-0.47250,-0.00939,0.51813
-0.47250,-0.00939,0.51813
-0.47245,-0.01204,0.51809
-0.47245,-0.01204,0.51809
-0.47245,-0.01204,0.51809
-0.47245,-0.01204,0.51809
-0.47245,-0.01204,0.51809
-0.47239,-0.01468,0.51804
-0.47239,-0.01468,0.51804
-0.47239,-0.01468,0.51804
-0.47239,-0.01468,0.51804
-0.47239,-0.01468,0.51804
-0.47233,-0.01732,0.51797
-0.47233,-0.01732,0.51797
-0.47233,-0.01732,0.51797
-0.47233,-0.01732,0.51797
-0.47233,-0.01732,0.51797
-0.47225,-0.01996,0.51788
-0.47225,-0.01996,0.51788
-0.47225,-0.01996,0.51788
-0.47225,-0.01996,0.51788
-0.47225,-0.01996,0.51788
-0.47216,-0.02259,0.51777
-0.47216,-0.02259,0.51777
-0.47216,-0.02259,0.51777
-0.47216,-0.02259,0.51777
-0.47216,-0.02259,0.51777
-0.47207,-0.02521,0.51765
-0.47207,-0.02521,0.51765
-0.47207,-0.02521,0.51765
-0.47207,-0.02521,0.51765
-0.47207,-0.02521,0.51765
-0.47199,-0.02782,0.51749
-0.47199,-0.02782,0.51749
-0.47199,-0.02782,0.51749
-0.47199,-0.02782,0.51749
-0.47199,-0.02782,0.51749
-0.47190,-0.03045,0.51731
-0.47190,-0.03045,0.51731
-0.47190,-0.03045,0.51731
-0.47190,-0.03045,0.51731
-0.47190,-0.03045,0.51731
-0.47180,-0.03306,0.51712
-0.47180,-0.03306,0.51712
-0.47180,-0.03306,0.51712
-0.47180,-0.03306,0.51712
-0.47180,-0.03306,0.51712
-0.47171,-0.03567,0.51689
-0.47171,-0.03567,0.51689
-0.47171,-0.03567,0.51689
-0.47171,-0.03567,0.51689
-0.47171,-0.03567,0.51689
-0.47162,-0.03827,0.51664
-0.47162,-0.03827,0.51664
-0.47162,-0.03827,0.51664
-0.47162,-0.03827,0.51664
-0.47162,-0.03827,0.51664
-0.47152,-0.04086,0.51638
-0.47152,-0.04086,0.51638
-0.47152,-0.04086,0.51638
-0.47152,-0.04086,0.51638
-0.47152,-0.04086,0.51638
-0.47141,-0.04344,0.51608
-0.47141,-0.04344,0.51608
-0.47141,-0.04344,0.51608
-0.47141,-0.04344,0.51608
-0.47141,-0.04344,0.51608
-0.47132,-0.04602,0.51574
-0.47132,-0.04602,0.51574
-0.47132,-0.04602,0.51574
-0.47132,-0.04602,0.51574
-0.47132,-0.04602,0.51574
-0.47122,-0.04860,0.51537
-0.47122,-0.04860,0.51537
-0.47122,-0.04860,0.51537
-0.47122,-0.04860,0.51537
-0.47122,-0.04860,0.51537
-0.47111,-0.05118,0.51499
-0.47111,-0.05118,0.51499
-0.47111,-0.05118,0.51499
-0.47111,-0.05118,0.51499
-0.47111,-0.05118,0.51499
-0.47101,-0.05373,0.51457
-0.47101,-0.05373,0.51457
-0.47101,-0.05373,0.51457
-0.47101,-0.05373,0.51457
-0.47101,-0.05373,0.51457
-0.47091,-0.05628,0.51413
-0.47091,-0.05628,0.51413
-0.47091,-0.05628,0.51413
-0.47091,-0.05628,0.51413
-0.47091,-0.05628,0.51413
-0.47080,-0.05884,0.51367
-0.47080,-0.05884,0.51367
-0.47080,-0.05884,0.51367
-0.47080,-0.05884,0.51367
-0.47080,-0.05884,0.51367
-0.47069,-0.06137,0.51318
-0.47069,-0.06137,0.51318
-0.47069,-0.06137,0.51318
-0.47069,-0.06137,0.51318
-0.47069,-0.06137,0.51318
-0.47059,-0.06390,0.51265
-0.47059,-0.06390,0.51265
-0.47059,-0.06390,0.51265
-0.47059,-0.06390,0.51265
-0.47059,-0.06390,0.51265
-0.47049,-0.06643,0.51210
-0.47049,-0.06643,0.51210
-0.47049,-0.06643,0.51210
-0.47049,-0.06643,0.51210
-0.47049,-0.06643,0.51210
-0.47039,-0.06895,0.51152
-0.47039,-0.06895,0.51152
-0.47039,-0.06895,0.51152
-0.47039,-0.06895,0.51152
-0.47039,-0.06895,0.51152
-0.47028,-0.07146,0.51092
-0.47028,-0.07146,0.51092
-0.47028,-0.07146,0.51092
-0.47028,-0.07146,0.51092
-0.47028,-0.07146,0.51092
-0.47015,-0.07394,0.51032
-0.47015,-0.07394,0.51032
-0.47015,-0.07394,0.51032
-0.47015,-0.07394,0.51032
-0.47015,-0.07394,0.51032
-0.47002,-0.07645,0.50969
-0.47002,-0.07645,0.50969
-0.47002,-0.07645,0.50969
-0.47002,-0.07645,0.50969
-0.47002,-0.07645,0.50969
-0.46989,-0.07894,0.50903
-0.46989,-0.07894,0.50903
-0.46989,-0.07894,0.50903
-0.46989,-0.07894,0.50903
-0.46989,-0.07894,0.50903
-0.46974,-0.08140,0.50839
-0.46974,-0.08140,0.50839
-0.46974,-0.08140,0.50839
-0.46974,-0.08140,0.50839
-0.46974,-0.08140,0.50839
-0.46960,-0.08385,0.50771
-0.46960,-0.08385,0.50771
-0.46960,-0.08385,0.50771
-0.46960,-0.08385,0.50771
-0.46960,-0.08385,0.50771
-0.46945,-0.08632,0.50700
-0.46945,-0.08632,0.50700
-0.46945,-0.08632,0.50700
-0.46945,-0.08632,0.50700
-0.46945,-0.08632,0.50700
-0.46929,-0.08877,0.50629
-0.46929,-0.08877,0.50629
-0.46929,-0.08877,0.50629
-0.46929,-0.08877,0.50629
-0.46929,-0.08877,0.50629
-0.46916,-0.09119,0.50552
-0.46916,-0.09119,0.50552
-0.46916,-0.09119,0.50552
-0.46916,-0.09119,0.50552
-0.46916,-0.09119,0.50552
-0.46902,-0.09360,0.50472
-0.46902,-0.09360,0.50472
-0.46902,-0.09360,0.50472
-0.46902,-0.09360,0.50472
-0.46902,-0.09360,0.50472
-0.46887,-0.09604,0.50390
-0.46887,-0.09604,0.50390
-0.46887,-0.09604,0.50390
-0.46887,-0.09604,0.50390
-0.46887,-0.09604,0.50390
-0.46873,-0.09843,0.50306
-0.46873,-0.09843,0.50306
-0.46873,-0.09843,0.50306
-0.46873,-0.09843,0.50306
-0.46873,-0.09843,0.50306
-0.46860,-0.10080,0.50217
-0.46860,-0.10080,0.50217
-0.46860,-0.10080,0.50217
-0.46860,-0.10080,0.50217
-0.46860,-0.10080,0.50217
-0.46849,-0.10317,0.50124
-0.46849,-0.10317,0.50124
-0.46849,-0.10317,0.50124
-0.46849,-0.10317,0.50124
-0.46849,-0.10317,0.50124
-0.46835,-0.10556,0.50035
-0.46835,-0.10556,0.50035
-0.46835,-0.10556,0.50035
-0.46835,-0.10556,0.50035
-0.46835,-0.10556,0.50035
-0.46823,-0.10790,0.49944
-0.46823,-0.10790,0.49944
-0.46823,-0.10790,0.49944
-0.46823,-0.10790,0.49944
-0.46823,-0.10790,0.49944
-0.46813,-0.11022,0.49851
-0.46813,-0.11022,0.49851
-0.46813,-0.11022,0.49851
-0.46813,-0.11022,0.49851
-0.46813,-0.11022,0.49851
-0.46806,-0.11255,0.49755
-0.46806,-0.11255,0.49755
-0.46806,-0.11255,0.49755
-0.46806,-0.11255,0.49755
-0.46806,-0.11255,0.49755
-0.46801,-0.11490,0.49660
-0.46801,-0.11490,0.49660
-0.46801,-0.11490,0.49660
-0.46801,-0.11490,0.49660
-0.46801,-0.11490,0.49660
-0.46799,-0.11721,0.49558
-0.46799,-0.11721,0.49558
-0.46799,-0.11721,0.49558
-0.46799,-0.11721,0.49558
-0.46799,-0.11721,0.49558
-0.46799,-0.11948,0.49452
-0.46799,-0.11948,0.49452
-0.46799,-0.11948,0.49452
-0.46799,-0.11948,0.49452
-0.46799,-0.11948,0.49452
-0.46798,-0.12174,0.49344
-0.46798,-0.12174,0.49344
-0.46798,-0.12174,0.49344
-0.46798,-0.12174,0.49344
-0.46798,-0.12174,0.49344
-0.46796,-0.12405,0.49231
-0.46796,-0.12405,0.49231
-0.46796,-0.12405,0.49231
-0.46796,-0.12405,0.49231
-0.46796,-0.12405,0.49231
-0.46792,-0.12629,0.49117
-0.46792,-0.12629,0.49117
-0.46792,-0.12629,0.49117
-0.46792,-0.12629,0.49117
-0.46792,-0.12629,0.49117
-0.46789,-0.12847,0.49004
-0.46789,-0.12847,0.49004
-0.46789,-0.12847,0.49004
-0.46789,-0.12847,0.49004
-0.46789,-0.12847,0.49004
-0.46784,-0.13065,0.48891
-0.46784,-0.13065,0.48891
-0.46784,-0.13065,0.48891
-0.46784,-0.13065,0.48891
-0.46784,-0.13065,0.48891
-0.46776,-0.13287,0.48776
-0.46776,-0.13287,0.48776
-0.46776,-0.13287,0.48776
-0.46776,-0.13287,0.48776
-0.46776,-0.13287,0.48776
-0.46770,-0.13507,0.48656
-0.46770,-0.13507,0.48656
-0.46770,-0.13507,0.48656
-0.46770,-0.13507,0.48656
-0.46770,-0.13507,0.48656
-0.46766,-0.13720,0.48532
-0.46766,-0.13720,0.48532
-0.46766,-0.13720,0.48532
-0.46766,-0.13720,0.48532
-0.46766,-0.13720,0.48532
-0.46765,-0.13932,0.48403
-0.46765,-0.13932,0.48403
-0.46765,-0.13932,0.48403
-0.46765,-0.13932,0.48403
-0.46765,-0.13932,0.48403
-0.46765,-0.14145,0.48271
-0.46765,-0.14145,0.48271
-0.46765,-0.14145,0.48271
-0.46765,-0.14145,0.48271
-0.46765,-0.14145,0.48271
-0.46764,-0.14364,0.48138
-0.46764,-0.14364,0.48138
-0.46764,-0.14364,0.48138
-0.46764,-0.14364,0.48138
-0.46764,-0.14364,0.48138
-0.46763,-0.14576,0.48008
-0.46763,-0.14576,0.48008
-0.46763,-0.14576,0.48008
-0.46763,-0.14576,0.48008
-0.46763,-0.14576,0.48008
-0.46764,-0.14783,0.47878
-0.46764,-0.14783,0.47878
-0.46764,-0.14783,0.47878
-0.46764,-0.14783,0.47878
-0.46764,-0.14783,0.47878
-0.46764,-0.14989,0.47744
-0.46764,-0.14989,0.47744
-0.46764,-0.14989,0.47744
-0.46764,-0.14989,0.47744
-0.46764,-0.14989,0.47744
-0.46765,-0.15200,0.47605
-0.46765,-0.15200,0.47605
-0.46765,-0.15200,0.47605
-0.46765,-0.15200,0.47605
-0.46765,-0.15200,0.47605
-0.46765,-0.15413,0.47463
-0.46765,-0.15413,0.47463
-0.46765,-0.15413,0.47463
-0.46765,-0.15413,0.47463
-0.46765,-0.15413,0.47463
-0.46769,-0.15617,0.47315
-0.46769,-0.15617,0.47315
-0.46769,-0.15617,0.47315
-0.46769,-0.15617,0.47315
-0.46769,-0.15617,0.47315
-0.46775,-0.15816,0.47166
-0.46775,-0.15816,0.47166
-0.46775,-0.15816,0.47166
-0.46775,-0.15816,0.47166
-0.46775,-0.15816,0.47166
-0.46778,-0.16015,0.47020
-0.46778,-0.16015,0.47020
-0.46778,-0.16015,0.47020
-0.46778,-0.16015,0.47020
-0.46778,-0.16015,0.47020
-0.46777,-0.16222,0.46877
-0.46777,-0.16222,0.46877
-0.46777,-0.16222,0.46877
-0.46777,-0.16222,0.46877
-0.46777,-0.16222,0.46877
-0.46776,-0.16428,0.46730
-0.46776,-0.16428,0.46730
-0.46776,-0.16428,0.46730
-0.46776,-0.16428,0.46730
-0.46776,-0.16428,0.46730
-0.46779,-0.16625,0.46575
-0.46779,-0.16625,0.46575
-0.46779,-0.16625,0.46575
-0.46779,-0.16625,0.46575
-0.46779,-0.16625,0.46575
-0.46784,-0.16816,0.46417
-0.46784,-0.16816,0.46417
-0.46784,-0.16816,0.46417
-0.46784,-0.16816,0.46417
-0.46784,-0.16816,0.46417
-0.46789,-0.17008,0.46255
-0.46789,-0.17008,0.46255
-0.46789,-0.17008,0.46255
-0.46789,-0.17008,0.46255
-0.46789,-0.17008,0.46255
-0.46790,-0.17208,0.46094
-0.46790,-0.17208,0.46094
-0.46790,-0.17208,0.46094
-0.46790,-0.17208,0.46094
-0.46790,-0.17208,0.46094
-0.46789,-0.17410,0.45938
-0.46789,-0.17410,0.45938
-0.46789,-0.17410,0.45938
-0.46789,-0.17410,0.45938
-0.46789,-0.17410,0.45938
-0.46792,-0.17598,0.45780
-0.46792,-0.17598,0.45780
-0.46792,-0.17598,0.45780
-0.46792,-0.17598,0.45780
-0.46792,-0.17598,0.45780
-0.46799,-0.17780,0.45615
-0.46799,-0.17780,0.45615
-0.46799,-0.17780,0.45615
-0.46799,-0.17780,0.45615
-0.46799,-0.17780,0.45615
-0.46805,-0.17965,0.45447
-0.46805,-0.17965,0.45447
-0.46805,-0.17965,0.45447
-0.46805,-0.17965,0.45447
-0.46805,-0.17965,0.45447
-0.46808,-0.18159,0.45274
-0.46808,-0.18159,0.45274
-0.46808,-0.18159,0.45274
-0.46808,-0.18159,0.45274
-0.46808,-0.18159,0.45274
-0.46808,-0.18358,0.45103
-0.46808,-0.18358,0.45103
-0.46808,-0.18358,0.45103
-0.46808,-0.18358,0.45103
-0.46808,-0.18358,0.45103
-0.46812,-0.18542,0.44935
-0.46812,-0.18542,0.44935
-0.46812,-0.18542,0.44935
-0.46812,-0.18542,0.44935
-0.46812,-0.18542,0.44935
-0.46819,-0.18716,0.44768
-0.46819,-0.18716,0.44768
-0.46819,-0.18716,0.44768
-0.46819,-0.18716,0.44768
-0.46819,-0.18716,0.44768
-0.46826,-0.18893,0.44592
-0.46826,-0.18893,0.44592
-0.46826,-0.18893,0.44592
-0.46826,-0.18893,0.44592
-0.46826,-0.18893,0.44592
-0.46829,-0.19079,0.44413
-0.46829,-0.19079,0.44413
-0.46829,-0.19079,0.44413
-0.46829,-0.19079,0.44413
-0.46829,-0.19079,0.44413
-0.46830,-0.19271,0.44232
-0.46830,-0.19271,0.44232
-0.46830,-0.19271,0.44232
-0.46830,-0.19271,0.44232
-0.46830,-0.19271,0.44232
-0.46831,-0.19459,0.44055
-0.46831,-0.19459,0.44055
-0.46831,-0.19459,0.44055
-0.46831,-0.19459,0.44055
-0.46831,-0.19459,0.44055
-0.46835,-0.19634,0.43880
-0.46835,-0.19634,0.43880
-0.46835,-0.19634,0.43880
-0.46835,-0.19634,0.43880
-0.46835,-0.19634,0.43880
-0.46841,-0.19806,0.43701
-0.46841,-0.19806,0.43701
-0.46841,-0.19806,0.43701
-0.46841,-0.19806,0.43701
-0.46841,-0.19806,0.43701
-0.46846,-0.19979,0.43517
-0.46846,-0.19979,0.43517
-0.46846,-0.19979,0.43517
-0.46846,-0.19979,0.43517
-0.46846,-0.19979,0.43517
-0.46846,-0.20160,0.43329
-0.46846,-0.20160,0.43329
-0.46846,-0.20160,0.43329
-0.46846,-0.20160,0.43329
-0.46846,-0.20160,0.43329
-0.46846,-0.20342,0.43144
-0.46846,-0.20342,0.43144
-0.46846,-0.20342,0.43144
-0.46846,-0.20342,0.43144
-0.46846,-0.20342,0.43144
-0.46845,-0.20522,0.42965
-0.46845,-0.20522,0.42965
-0.46845,-0.20522,0.42965
-0.46845,-0.20522,0.42965
-0.46845,-0.20522,0.42965
-0.46847,-0.20694,0.42784
-0.46847,-0.20694,0.42784
-0.46847,-0.20694,0.42784
-0.46847,-0.20694,0.42784
-0.46847,-0.20694,0.42784
-0.46850,-0.20863,0.42597
-0.46850,-0.20863,0.42597
-0.46850,-0.20863,0.42597
-0.46850,-0.20863,0.42597
-0.46850,-0.20863,0.42597
-0.46852,-0.21032,0.42405
-0.46852,-0.21032,0.42405
-0.46852,-0.21032,0.42405
-0.46852,-0.21032,0.42405
-0.46852,-0.21032,0.42405
-0.46853,-0.21203,0.42212
-0.46853,-0.21203,0.42212
-0.46853,-0.21203,0.42212
-0.46853,-0.21203,0.42212
-0.46853,-0.21203,0.42212
-0.46852,-0.21375,0.42027
-0.46852,-0.21375,0.42027
-0.46852,-0.21375,0.42027
-0.46852,-0.21375,0.42027
-0.46852,-0.21375,0.42027
-0.46849,-0.21550,0.41845
-0.46849,-0.21550,0.41845
-0.46849,-0.21550,0.41845
-0.46849,-0.21550,0.41845
-0.46849,-0.21550,0.41845
-0.46848,-0.21722,0.41654
-0.46848,-0.21722,0.41654
-0.46848,-0.21722,0.41654
-0.46848,-0.21722,0.41654
-0.46848,-0.21722,0.41654
-0.46847,-0.21889,0.41459
-0.46847,-0.21889,0.41459
-0.46847,-0.21889,0.41459
-0.46847,-0.21889,0.41459
-0.46847,-0.21889,0.41459
-0.46847,-0.22051,0.41263
-0.46847,-0.22051,0.41263
-0.46847,-0.22051,0.41263
-0.46847,-0.22051,0.41263
-0.46847,-0.22051,0.41263
-0.46847,-0.22213,0.41072
-0.46847,-0.22213,0.41072
-0.46847,-0.22213,0.41072
-0.46847,-0.22213,0.41072
-0.46847,-0.22213,0.41072
-0.46844,-0.22380,0.40886
-0.46844,-0.22380,0.40886
-0.46844,-0.22380,0.40886
-0.46844,-0.22380,0.40886
-0.46844,-0.22380,0.40886
-0.46839,-0.22550,0.40695
-0.46839,-0.22550,0.40695
-0.46839,-0.22550,0.40695
-0.46839,-0.22550,0.40695
-0.46839,-0.22550,0.40695
-0.46834,-0.22720,0.40496
-0.46834,-0.22720,0.40496
-0.46834,-0.22720,0.40496
-0.46834,-0.22720,0.40496
-0.46834,-0.22720,0.40496
-0.46829,-0.22885,0.40295
-0.46829,-0.22885,0.40295
-0.46829,-0.22885,0.40295
-0.46829,-0.22885,0.40295
-0.46829,-0.22885,0.40295
-0.46825,-0.23046,0.40101
-0.46825,-0.23046,0.40101
-0.46825,-0.23046,0.40101
-0.46825,-0.23046,0.40101
-0.46825,-0.23046,0.40101
-0.46823,-0.23204,0.39914
-0.46823,-0.23204,0.39914
-0.46823,-0.23204,0.39914
-0.46823,-0.23204,0.39914
-0.46823,-0.23204,0.39914
-0.46820,-0.23363,0.39722
-0.46820,-0.23363,0.39722
-0.46820,-0.23363,0.39722
-0.46820,-0.23363,0.39722
-0.46820,-0.23363,0.39722
-0.46817,-0.23524,0.39522
-0.46817,-0.23524,0.39522
-0.46817,-0.23524,0.39522
-0.46817,-0.23524,0.39522
-0.46817,-0.23524,0.39522
-0.46811,-0.23687,0.39318
-0.46811,-0.23687,0.39318
-0.46811,-0.23687,0.39318
-0.46811,-0.23687,0.39318
-0.46811,-0.23687,0.39318
-0.46804,-0.23849,0.39121
-0.46804,-0.23849,0.39121
-0.46804,-0.23849,0.39121
-0.46804,-0.23849,0.39121
-0.46804,-0.23849,0.39121
-0.46797,-0.24011,0.38932
-0.46797,-0.24011,0.38932
-0.46797,-0.24011,0.38932
-0.46797,-0.24011,0.38932
-0.46797,-0.24011,0.38932
-0.46793,-0.24169,0.38740
-0.46793,-0.24169,0.38740
-0.46793,-0.24169,0.38740
-0.46793,-0.24169,0.38740
-0.46793,-0.24169,0.38740
-0.46791,-0.24322,0.38540
-0.46791,-0.24322,0.38540
-0.46791,-0.24322,0.38540
-0.46791,-0.24322,0.38540
-0.46791,-0.24322,0.38540
-0.46789,-0.24472,0.38336
-0.46789,-0.24472,0.38336
-0.46789,-0.24472,0.38336
-0.46789,-0.24472,0.38336
-0.46789,-0.24472,0.38336
-0.46786,-0.24623,0.38134
-0.46786,-0.24623,0.38134
-0.46786,-0.24623,0.38134
-0.46786,-0.24623,0.38134
-0.46786,-0.24623,0.38134
-0.46781,-0.24776,0.37943
-0.46781,-0.24776,0.37943
-0.46781,-0.24776,0.37943
-0.46781,-0.24776,0.37943
-0.46781,-0.24776,0.37943
-0.46773,-0.24931,0.37748
-0.46773,-0.24931,0.37748
-0.46773,-0.24931,0.37748
-0.46773,-0.24931,0.37748
-0.46773,-0.24931,0.37748
-0.46765,-0.25087,0.37544
-0.46765,-0.25087,0.37544
-0.46765,-0.25087,0.37544
-0.46765,-0.25087,0.37544
-0.46765,-0.25087,0.37544
-0.46756,-0.25239,0.37336
-0.46756,-0.25239,0.37336
-0.46756,-0.25239,0.37336
-0.46756,-0.25239,0.37336
-0.46756,-0.25239,0.37336
-0.46751,-0.25388,0.37136
-0.46751,-0.25388,0.37136
-0.46751,-0.25388,0.37136
-0.46751,-0.25388,0.37136
-0.46751,-0.25388,0.37136
-0.46748,-0.25533,0.36943
-0.46748,-0.25533,0.36943
-0.46748,-0.25533,0.36943
-0.46748,-0.25533,0.36943
-0.46748,-0.25533,0.36943
-0.46747,-0.25679,0.36748
-0.46747,-0.25679,0.36748
-0.46747,-0.25679,0.36748
-0.46747,-0.25679,0.36748
-0.46747,-0.25679,0.36748
-0.46744,-0.25828,0.36544
-0.46744,-0.25828,0.36544
-0.46744,-0.25828,0.36544
-0.46744,-0.25828,0.36544
-0.46744,-0.25828,0.36544
-0.46737,-0.25978,0.36335
-0.46737,-0.25978,0.36335
-0.46737,-0.25978,0.36335
-0.46737,-0.25978,0.36335
-0.46737,-0.25978,0.36335
-0.46727,-0.26131,0.36136
-0.46727,-0.26131,0.36136
-0.46727,-0.26131,0.36136
-0.46727,-0.26131,0.36136
-0.46727,-0.26131,0.36136
-0.46717,-0.26284,0.35944
-0.46717,-0.26284,0.35944
-0.46717,-0.26284,0.35944
-0.46717,-0.26284,0.35944
-0.46717,-0.26284,0.35944
-0.46708,-0.26434,0.35744
-0.46708,-0.26434,0.35744
-0.46708,-0.26434,0.35744
-0.46708,-0.26434,0.35744
-0.46708,-0.26434,0.35744
-0.46703,-0.26580,0.35536
-0.46703,-0.26580,0.35536
-0.46703,-0.26580,0.35536
-0.46703,-0.26580,0.35536
-0.46703,-0.26580,0.35536
-0.46699,-0.26721,0.35328
-0.46699,-0.26721,0.35328
-0.46699,-0.26721,0.35328
-0.46699,-0.26721,0.35328
-0.46699,-0.26721,0.35328
-0.46694,-0.26864,0.35130
-0.46694,-0.26864,0.35130
-0.46694,-0.26864,0.35130
-0.46694,-0.26864,0.35130
-0.46694,-0.26864,0.35130
-0.46686,-0.27011,0.34937
-0.46686,-0.27011,0.34937
-0.46686,-0.27011,0.34937
-0.46686,-0.27011,0.34937
-0.46686,-0.27011,0.34937
-0.46675,-0.27160,0.34735
-0.46675,-0.27160,0.34735
-0.46675,-0.27160,0.34735
-0.46675,-0.27160,0.34735
-0.46675,-0.27160,0.34735
-0.46664,-0.27310,0.34524
-0.46664,-0.27310,0.34524
-0.46664,-0.27310,0.34524
-0.46664,-0.27310,0.34524
-0.46664,-0.27310,0.34524
-0.46654,-0.27460,0.34318
-0.46654,-0.27460,0.34318
-0.46654,-0.27460,0.34318
-0.46654,-0.27460,0.34318
-0.46654,-0.27460,0.34318
-0.46646,-0.27609,0.34125
-0.46646,-0.27609,0.34125
-0.46646,-0.27609,0.34125
-0.46646,-0.27609,0.34125
-0.46646,-0.27609,0.34125
-0.46640,-0.27754,0.33931
-0.46640,-0.27754,0.33931
-0.46640,-0.27754,0.33931
-0.46640,-0.27754,0.33931
-0.46640,-0.27754,0.33931
-0.46636,-0.27896,0.33726
-0.46636,-0.27896,0.33726
-0.46636,-0.27896,0.33726
-0.46636,-0.27896,0.33726
-0.46636,-0.27896,0.33726
-0.46631,-0.28038,0.33516
-0.46631,-0.28038,0.33516
-0.46631,-0.28038,0.33516
-0.46631,-0.28038,0.33516
-0.46631,-0.28038,0.33516
-0.46626,-0.28185,0.33317
-0.46626,-0.28185,0.33317
-0.46626,-0.28185,0.33317
-0.46626,-0.28185,0.33317
-0.46626,-0.28185,0.33317
-0.46617,-0.28335,0.33129
-0.46617,-0.28335,0.33129
-0.46617,-0.28335,0.33129
-0.46617,-0.28335,0.33129
-0.46617,-0.28335,0.33129
-0.46606,-0.28486,0.32932
-0.46606,-0.28486,0.32932
-0.46606,-0.28486,0.32932
-0.46606,-0.28486,0.32932
-0.46606,-0.28486,0.32932
-0.46596,-0.28638,0.32726
-0.46596,-0.28638,0.32726
-0.46596,-0.28638,0.32726
-0.46596,-0.28638,0.32726
-0.46596,-0.28638,0.32726
-0.46587,-0.28787,0.32521
-0.46587,-0.28787,0.32521
-0.46587,-0.28787,0.32521
-0.46587,-0.28787,0.32521
-0.46587,-0.28787,0.32521
-0.46582,-0.28932,0.32330
-0.46582,-0.28932,0.32330
-0.46582,-0.28932,0.32330
-0.46582,-0.28932,0.32330
-0.46582,-0.28932,0.32330
-0.46579,-0.29077,0.32140
-0.46579,-0.29077,0.32140
-0.46579,-0.29077,0.32140
-0.46579,-0.29077,0.32140
-0.46579,-0.29077,0.32140
-0.46573,-0.29221,0.31938
-0.46573,-0.29221,0.31938
-0.46573,-0.29221,0.31938
-0.46573,-0.29221,0.31938
-0.46573,-0.29221,0.31938
-0.46565,-0.29367,0.31731
-0.46565,-0.29367,0.31731
-0.46565,-0.29367,0.31731
-0.46565,-0.29367,0.31731
-0.46565,-0.29367,0.31731
-0.46555,-0.29515,0.31533
-0.46555,-0.29515,0.31533
-0.46555,-0.29515,0.31533
-0.46555,-0.29515,0.31533
-0.46555,-0.29515,0.31533
-0.46544,-0.29666,0.31346
-0.46544,-0.29666,0.31346
-0.46544,-0.29666,0.31346
-0.46544,-0.29666,0.31346
-0.46544,-0.29666,0.31346
-0.46532,-0.29820,0.31152
-0.46532,-0.29820,0.31152
-0.46532,-0.29820,0.31152
-0.46532,-0.29820,0.31152
-0.46532,-0.29820,0.31152
-0.46521,-0.29974,0.30946
-0.46521,-0.29974,0.30946
-0.46521,-0.29974,0.30946
-0.46521,-0.29974,0.30946
-0.46521,-0.29974,0.30946
-0.46512,-0.30126,0.30744
-0.46512,-0.30126,0.30744
-0.46512,-0.30126,0.30744
-0.46512,-0.30126,0.30744
-0.46512,-0.30126,0.30744
-0.46506,-0.30277,0.30558
-0.46506,-0.30277,0.30558
-0.46506,-0.30277,0.30558
-0.46506,-0.30277,0.30558
-0.46506,-0.30277,0.30558
-0.46503,-0.30426,0.30372
-0.46503,-0.30426,0.30372
-0.46503,-0.30426,0.30372
-0.46503,-0.30426,0.30372
-0.46503,-0.30426,0.30372
-0.46497,-0.30579,0.30176
-0.46497,-0.30579,0.30176
-0.46497,-0.30579,0.30176
-0.46497,-0.30579,0.30176
-0.46497,-0.30579,0.30176
-0.46489,-0.30734,0.29976
-0.46489,-0.30734,0.29976
-0.46489,-0.30734,0.29976
-0.46489,-0.30734,0.29976
-0.46489,-0.30734,0.29976
-0.46481,-0.30894,0.29790
-0.46481,-0.30894,0.29790
-0.46481,-0.30894,0.29790
-0.46481,-0.30894,0.29790
-0.46481,-0.30894,0.29790
-0.46473,-0.31054,0.29611
-0.46473,-0.31054,0.29611
-0.46473,-0.31054,0.29611
-0.46473,-0.31054,0.29611
-0.46473,-0.31054,0.29611
-0.46464,-0.31216,0.29423
-0.46464,-0.31216,0.29423
-0.46464,-0.31216,0.29423
-0.46464,-0.31216,0.29423
-0.46464,-0.31216,0.29423
-0.46451,-0.31375,0.29222
-0.46451,-0.31375,0.29222
-0.46451,-0.31375,0.29222
-0.46451,-0.31375,0.29222
-0.46451,-0.31375,0.29222
-0.46441,-0.31528,0.29027
-0.46441,-0.31528,0.29027
-0.46441,-0.31528,0.29027
-0.46441,-0.31528,0.29027
-0.46441,-0.31528,0.29027
-0.46437,-0.31683,0.28852
-0.46437,-0.31683,0.28852
-0.46437,-0.31683,0.28852
-0.46437,-0.31683,0.28852
-0.46437,-0.31683,0.28852
-0.46433,-0.31835,0.28670
-0.46433,-0.31835,0.28670
-0.46433,-0.31835,0.28670
-0.46433,-0.31835,0.28670
-0.46433,-0.31835,0.28670
-0.46429,-0.31990,0.28476
-0.46429,-0.31990,0.28476
-0.46429,-0.31990,0.28476
-0.46429,-0.31990,0.28476
-0.46429,-0.31990,0.28476
-0.46423,-0.32149,0.28287
-0.46423,-0.32149,0.28287
-0.46423,-0.32149,0.28287
-0.46423,-0.32149,0.28287
-0.46423,-0.32149,0.28287
-0.46420,-0.32314,0.28114
-0.46420,-0.32314,0.28114
-0.46420,-0.32314,0.28114
-0.46420,-0.32314,0.28114
-0.46420,-0.32314,0.28114
-0.46416,-0.32483,0.27945
-0.46416,-0.32483,0.27945
-0.46416,-0.32483,0.27945
-0.46416,-0.32483,0.27945
-0.46416,-0.32483,0.27945
-0.46406,-0.32650,0.27758
-0.46406,-0.32650,0.27758
-0.46406,-0.32650,0.27758
-0.46406,-0.32650,0.27758
-0.46406,-0.32650,0.27758
-0.46398,-0.32817,0.27568
-0.46398,-0.32817,0.27568
-0.46398,-0.32817,0.27568
-0.46398,-0.32817,0.27568
-0.46398,-0.32817,0.27568
-0.46396,-0.32982,0.27398
-0.46396,-0.32982,0.27398
-0.46396,-0.32982,0.27398
-0.46396,-0.32982,0.27398
-0.46396,-0.32982,0.27398
-0.46395,-0.33145,0.27233
-0.46395,-0.33145,0.27233
-0.46395,-0.33145,0.27233
-0.46395,-0.33145,0.27233
-0.46395,-0.33145,0.27233
-0.46395,-0.33314,0.27062
-0.46395,-0.33314,0.27062
-0.46395,-0.33314,0.27062
-0.46395,-0.33314,0.27062
-0.46395,-0.33314,0.27062
-0.46391,-0.33484,0.26880
-0.46391,-0.33484,0.26880
-0.46391,-0.33484,0.26880
-0.46391,-0.33484,0.26880
-0.46391,-0.33484,0.26880
-0.46384,-0.33660,0.26710
-0.46384,-0.33660,0.26710
-0.46384,-0.33660,0.26710
-0.46384,-0.33660,0.26710
-0.46384,-0.33660,0.26710
-0.46375,-0.33843,0.26552
-0.46375,-0.33843,0.26552
-0.46375,-0.33843,0.26552
-0.46375,-0.33843,0.26552
-0.46375,-0.33843,0.26552
-0.46367,-0.34027,0.26390
-0.46367,-0.34027,0.26390
-0.46367,-0.34027,0.26390
-0.46367,-0.34027,0.26390
-0.46367,-0.34027,0.26390
-0.46357,-0.34209,0.26216
-0.46357,-0.34209,0.26216
-0.46357,-0.34209,0.26216
-0.46357,-0.34209,0.26216
-0.46357,-0.34209,0.26216
-0.46355,-0.34390,0.26050
-0.46355,-0.34390,0.26050
-0.46355,-0.34390,0.26050
-0.46355,-0.34390,0.26050
-0.46355,-0.34390,0.26050
-0.46355,-0.34570,0.25902
-0.46355,-0.34570,0.25902
-0.46355,-0.34570,0.25902
-0.46355,-0.34570,0.25902
-0.46355,-0.34570,0.25902
-0.46351,-0.34755,0.25753
-0.46351,-0.34755,0.25753
-0.46351,-0.34755,0.25753
-0.46351,-0.34755,0.25753
-0.46351,-0.34755,0.25753
-0.46340,-0.34943,0.25587
-0.46340,-0.34943,0.25587
-0.46340,-0.34943,0.25587
-0.46340,-0.34943,0.25587
-0.46340,-0.34943,0.25587
-0.46328,-0.35134,0.25425
-0.46328,-0.35134,0.25425
-0.46328,-0.35134,0.25425
-0.46328,-0.35134,0.25425
-0.46328,-0.35134,0.25425
-0.46318,-0.35330,0.25285
-0.46318,-0.35330,0.25285
-0.46318,-0.35330,0.25285
-0.46318,-0.35330,0.25285
-0.46318,-0.35330,0.25285
-0.46308,-0.35531,0.25154
-0.46308,-0.35531,0.25154
-0.46308,-0.35531,0.25154
-0.46308,-0.35531,0.25154
-0.46308,-0.35531,0.25154
-0.46296,-0.35729,0.25007
-0.46296,-0.35729,0.25007
-0.46296,-0.35729,0.25007
-0.46296,-0.35729,0.25007
-0.46296,-0.35729,0.25007
-0.46287,-0.35923,0.24854
-0.46287,-0.35923,0.24854
-0.46287,-0.35923,0.24854
-0.46287,-0.35923,0.24854
-0.46287,-0.35923,0.24854
-0.46287,-0.36117,0.24719
-0.46287,-0.36117,0.24719
-0.46287,-0.36117,0.24719
-0.46287,-0.36117,0.24719
-0.46287,-0.36117,0.24719
-0.46289,-0.36321,0.24602
-0.46289,-0.36321,0.24602
-0.46289,-0.36321,0.24602
-0.46289,-0.36321,0.24602
-0.46289,-0.36321,0.24602
-0.46287,-0.36535,0.24480
-0.46287,-0.36535,0.24480
-0.46287,-0.36535,0.24480
-0.46287,-0.36535,0.24480
-0.46287,-0.36535,0.24480
-0.46280,-0.36753,0.24345
-0.46280,-0.36753,0.24345
-0.46280,-0.36753,0.24345
-0.46280,-0.36753,0.24345
-0.46280,-0.36753,0.24345
-0.46271,-0.36973,0.24218
-0.46271,-0.36973,0.24218
-0.46271,-0.36973,0.24218
-0.46271,-0.36973,0.24218
-0.46271,-0.36973,0.24218
-0.46267,-0.37195,0.24113
-0.46267,-0.37195,0.24113
-0.46267,-0.37195,0.24113
-0.46267,-0.37195,0.24113
-0.46267,-0.37195,0.24113
-0.46267,-0.37415,0.24013
-0.46267,-0.37415,0.24013
-0.46267,-0.37415,0.24013
-0.46267,-0.37415,0.24013
-0.46267,-0.37415,0.24013
-0.46264,-0.37627,0.23897
-0.46264,-0.37627,0.23897
-0.46264,-0.37627,0.23897
-0.46264,-0.37627,0.23897
-0.46264,-0.37627,0.23897
-0.46258,-0.37845,0.23778
-0.46258,-0.37845,0.23778
-0.46258,-0.37845,0.23778
-0.46258,-0.37845,0.23778
-0.46258,-0.37845,0.23778
-0.46248,-0.38073,0.23676
-0.46248,-0.38073,0.23676
-0.46248,-0.38073,0.23676
-0.46248,-0.38073,0.23676
-0.46248,-0.38073,0.23676
-0.46238,-0.38310,0.23591
-0.46238,-0.38310,0.23591
-0.46238,-0.38310,0.23591
-0.46238,-0.38310,0.23591
-0.46238,-0.38310,0.23591
-0.46222,-0.38546,0.23497
-0.46222,-0.38546,0.23497
-0.46222,-0.38546,0.23497
-0.46222,-0.38546,0.23497
-0.46222,-0.38546,0.23497
-0.46206,-0.38783,0.23398
-0.46206,-0.38783,0.23398
-0.46206,-0.38783,0.23398
-0.46206,-0.38783,0.23398
-0.46206,-0.38783,0.23398
-0.46197,-0.39016,0.23308
-0.46197,-0.39016,0.23308
-0.46197,-0.39016,0.23308
-0.46197,-0.39016,0.23308
-0.46197,-0.39016,0.23308
-0.46195,-0.39247,0.23235
-0.46195,-0.39247,0.23235
-0.46195,-0.39247,0.23235
-0.46195,-0.39247,0.23235
-0.46195,-0.39247,0.23235
-0.46188,-0.39483,0.23166
-0.46188,-0.39483,0.23166
-0.46188,-0.39483,0.23166
-0.46188,-0.39483,0.23166
-0.46188,-0.39483,0.23166
-0.46174,-0.39733,0.23099
-0.46174,-0.39733,0.23099
-0.46174,-0.39733,0.23099
-0.46174,-0.39733,0.23099
-0.46174,-0.39733,0.23099
-0.46158,-0.39991,0.23038
-0.46158,-0.39991,0.23038
-0.46158,-0.39991,0.23038
-0.46158,-0.39991,0.23038
-0.46158,-0.39991,0.23038
-0.46135,-0.40244,0.22975
-0.46135,-0.40244,0.22975
-0.46135,-0.40244,0.22975
-0.46135,-0.40244,0.22975
-0.46135,-0.40244,0.22975
-0.46123,-0.40490,0.22926
-0.46123,-0.40490,0.22926
-0.46123,-0.40490,0.22926
-0.46123,-0.40490,0.22926
-0.46123,-0.40490,0.22926
-0.46124,-0.40725,0.22894
-0.46124,-0.40725,0.22894
-0.46124,-0.40725,0.22894
-0.46124,-0.40725,0.22894
-0.46124,-0.40725,0.22894
-0.46125,-0.40955,0.22867
-0.46125,-0.40955,0.22867
-0.46125,-0.40955,0.22867
-0.46125,-0.40955,0.22867
-0.46125,-0.40955,0.22867
-0.46115,-0.41182,0.22833
-0.46115,-0.41182,0.22833
-0.46115,-0.41182,0.22833
-0.46115,-0.41182,0.22833
-0.46115,-0.41182,0.22833
-0.46100,-0.41403,0.22800
-0.46100,-0.41403,0.22800
-0.46100,-0.41403,0.22800
-0.46100,-0.41403,0.22800
-0.46100,-0.41403,0.22800
-0.46089,-0.41607,0.22778
-0.46089,-0.41607,0.22778
-0.46089,-0.41607,0.22778
-0.46089,-0.41607,0.22778
-0.46089,-0.41607,0.22778
-0.46082,-0.41781,0.22759
-0.46082,-0.41781,0.22759
-0.46082,-0.41781,0.22759
-0.46082,-0.41781,0.22759
-0.46082,-0.41781,0.22759
-0.46079,-0.41927,0.22741
-0.46079,-0.41927,0.22741
-0.46079,-0.41927,0.22741
-0.46079,-0.41927,0.22741
-0.46079,-0.41927,0.22741
-0.46081,-0.42052,0.22730
-0.46081,-0.42052,0.22730
-0.46081,-0.42052,0.22730
-0.46081,-0.42052,0.22730
-0.46081,-0.42052,0.22730
-0.46080,-0.42161,0.22722
-0.46080,-0.42161,0.22722
-0.46080,-0.42161,0.22722
-0.46080,-0.42161,0.22722
-0.46080,-0.42161,0.22722
-0.46083,-0.42256,0.22723
-0.46083,-0.42256,0.22723
-0.46083,-0.42256,0.22723
-0.46083,-0.42256,0.22723
-0.46083,-0.42256,0.22723
-0.46087,-0.42336,0.22721
-0.46087,-0.42336,0.22721
-0.46087,-0.42336,0.22721
-0.46087,-0.42336,0.22721
-0.46087,-0.42336,0.22721
-0.46101,-0.42397,0.22725
-0.46101,-0.42397,0.22725
-0.46101,-0.42397,0.22725
-0.46101,-0.42397,0.22725
-0.46101,-0.42397,0.22725
-0.46122,-0.42448,0.22735
-0.46122,-0.42448,0.22735
-0.46122,-0.42448,0.22735
-0.46122,-0.42448,0.22735
-0.46122,-0.42448,0.22735
-0.46143,-0.42488,0.22747
-0.46143,-0.42488,0.22747
-0.46143,-0.42488,0.22747
-0.46143,-0.42488,0.22747
-0.46143,-0.42488,0.22747
-0.46166,-0.42527,0.22771
-0.46166,-0.42527,0.22771
-0.46166,-0.42527,0.22771
-0.46166,-0.42527,0.22771
-0.46166,-0.42527,0.22771
-0.46187,-0.42560,0.22796
-0.46187,-0.42560,0.22796
-0.46187,-0.42560,0.22796
-0.46187,-0.42560,0.22796
-0.46187,-0.42560,0.22796
-0.46209,-0.42589,0.22823
-0.46209,-0.42589,0.22823
-0.46209,-0.42589,0.22823
-0.46209,-0.42589,0.22823
-0.46209,-0.42589,0.22823
-0.46231,-0.42609,0.22853
-0.46231,-0.42609,0.22853
-0.46231,-0.42609,0.22853
-0.46231,-0.42609,0.22853
-0.46231,-0.42609,0.22853
-0.46246,-0.42621,0.22877
-0.46246,-0.42621,0.22877
-0.46246,-0.42621,0.22877
-0.46246,-0.42621,0.22877
-0.46246,-0.42621,0.22877
-0.46246,-0.42633,0.22898
-0.46246,-0.42633,0.22898
-0.46246,-0.42633,0.22898
-0.46246,-0.42633,0.22898
-0.46246,-0.42633,0.22898
-0.46233,-0.42643,0.22914
-0.46233,-0.42643,0.22914
-0.46233,-0.42643,0.22914
-0.46233,-0.42643,0.22914
-0.46233,-0.42643,0.22914
-0.46219,-0.42647,0.22922
-0.46219,-0.42647,0.22922
-0.46219,-0.42647,0.22922
-0.46219,-0.42647,0.22922
-0.46219,-0.42647,0.22922
-0.46203,-0.42653,0.22926
-0.46203,-0.42653,0.22926
-0.46203,-0.42653,0.22926
-0.46203,-0.42653,0.22926
-0.46203,-0.42653,0.22926
-0.46187,-0.42657,0.22930
-0.46187,-0.42657,0.22930
-0.46187,-0.42657,0.22930
-0.46187,-0.42657,0.22930
-0.46187,-0.42657,0.22930
-0.46170,-0.42660,0.22930
-0.46170,-0.42660,0.22930
-0.46170,-0.42660,0.22930
-0.46170,-0.42660,0.22930
-0.46170,-0.42660,0.22930
-0.46156,-0.42664,0.22931
-0.46156,-0.42664,0.22931
-0.46156,-0.42664,0.22931
-0.46156,-0.42664,0.22931
-0.46156,-0.42664,0.22931
-0.46145,-0.42667,0.22932
-0.46145,-0.42667,0.22932
-0.46145,-0.42667,0.22932
-0.46145,-0.42667,0.22932
-0.46145,-0.42667,0.22932
-0.46140,-0.42669,0.22935
-0.46140,-0.42669,0.22935
-0.46140,-0.42669,0.22935
-0.46140,-0.42669,0.22935
-0.46140,-0.42669,0.22935
-0.46139,-0.42671,0.22938
-0.46139,-0.42671,0.22938
-0.46139,-0.42671,0.22938
-0.46139,-0.42671,0.22938
-0.46139,-0.42671,0.22938
-0.46140,-0.42674,0.22943
-0.46140,-0.42674,0.22943
-0.46140,-0.42674,0.22943
-0.46140,-0.42674,0.22943
-0.46140,-0.42674,0.22943
-0.46140,-0.42676,0.22946
-0.46140,-0.42676,0.22946
-0.46140,-0.42676,0.22946
-0.46140,-0.42676,0.22946
-0.46140,-0.42676,0.22946
-0.46142,-0.42677,0.22949
-0.46142,-0.42677,0.22949
-0.46142,-0.42677,0.22949
-0.46142,-0.42677,0.22949
-0.46142,-0.42677,0.22949
-0.46142,-0.42677,0.22952
-0.46142,-0.42677,0.22952
-0.46142,-0.42677,0.22952
-0.46142,-0.42677,0.22952
-0.46142,-0.42677,0.22952
-0.46144,-0.42675,0.22954
-0.46144,-0.42675,0.22954
-0.46144,-0.42675,0.22954
-0.46144,-0.42675,0.22954
-0.46144,-0.42675,0.22954
-0.46146,-0.42673,0.22955
-0.46146,-0.42673,0.22955
-0.46146,-0.42673,0.22955
-0.46146,-0.42673,0.22955
-0.46146,-0.42673,0.22955
-0.46147,-0.42672,0.22956
-0.46147,-0.42672,0.22956
-0.46147,-0.42672,0.22956
-0.46147,-0.42672,0.22956
-0.46147,-0.42672,0.22956
-0.46147,-0.42672,0.22956
-0.46147,-0.42672,0.22956
-0.46147,-0.42672,0.22956
-0.46147,-0.42672,0.22956
-0.46147,-0.42672,0.22956
-0.46147,-0.42673,0.22956
-0.46147,-0.42673,0.22956
-0.46147,-0.42673,0.22956
-0.46147,-0.42673,0.22956
-0.46147,-0.42673,0.22956
-0.46146,-0.42674,0.22956
