-0.46135,-0.42688,0.22958
-0.46135,-0.42688,0.22958
-0.46135,-0.42688,0.22958
-0.46135,-0.42688,0.22958
-0.46135,-0.42688,0.22958
-0.46135,-0.42688,0.22958
-0.46135,-0.42688,0.22958
-0.46135,-0.42688,0.22958
-0.46135,-0.42688,0.22958
-0.46135,-0.42688,0.22958
-0.46135,-0.42688,0.22958
-0.46135,-0.42688,0.22958
-0.46135,-0.42688,0.22958
-0.46135,-0.42688,0.22958
-0.46135,-0.42688,0.22958
-0.46135,-0.42688,0.22958
-0.46135,-0.42688,0.22958
-0.46135,-0.42688,0.22958
-0.46135,-0.42688,0.22958
-0.46135,-0.42688,0.22958
-0.46135,-0.42688,0.22958
-0.46135,-0.42688,0.22958
-0.46135,-0.42688,0.22958
-0.46135,-0.42688,0.22958
-0.46135,-0.42688,0.22958
-0.46135,-0.42688,0.22958
-0.46135,-0.42688,0.22958
-0.46135,-0.42688,0.22958
-0.46135,-0.42688,0.22958
-0.46135,-0.42688,0.22958
-0.46135,-0.42688,0.22958
-0.46135,-0.42688,0.22958
-0.46164,-0.42646,0.22951
-0.46164,-0.42646,0.22951
-0.46164,-0.42646,0.22951
-0.46164,-0.42646,0.22951
-0.46164,-0.42646,0.22951
-0.46164,-0.42646,0.22951
-0.46225,-0.42544,0.22941
-0.46225,-0.42544,0.22941
-0.46225,-0.42544,0.22941
-0.46225,-0.42544,0.22941
-0.46259,-0.42431,0.22918
-0.46259,-0.42431,0.22918
-0.46259,-0.42431,0.22918
-0.46259,-0.42431,0.22918
-0.46259,-0.42431,0.22918
-0.46291,-0.42284,0.22887
-0.46291,-0.42284,0.22887
-0.46291,-0.42284,0.22887
-0.46291,-0.42284,0.22887
-0.46291,-0.42284,0.22887
-0.46340,-0.42093,0.22856
-0.46340,-0.42093,0.22856
-0.46340,-0.42093,0.22856
-0.46340,-0.42093,0.22856
-0.46340,-0.42093,0.22856
-0.46419,-0.41864,0.22830
-0.46419,-0.41864,0.22830
-0.46419,-0.41864,0.22830
-0.46419,-0.41864,0.22830
-0.46419,-0.41864,0.22830
-0.46498,-0.41622,0.22791
-0.46498,-0.41622,0.22791
-0.46498,-0.41622,0.22791
-0.46498,-0.41622,0.22791
-0.46498,-0.41622,0.22791
-0.46498,-0.41622,0.22791
-0.46586,-0.41381,0.22762
-0.46586,-0.41381,0.22762
-0.46586,-0.41381,0.22762
-0.46586,-0.41381,0.22762
-0.46675,-0.41146,0.22738
-0.46675,-0.41146,0.22738
-0.46675,-0.41146,0.22738
-0.46675,-0.41146,0.22738
-0.46675,-0.41146,0.22738
-0.46764,-0.40914,0.22716
-0.46764,-0.40914,0.22716
-0.46764,-0.40914,0.22716
-0.46764,-0.40914,0.22716
-0.46764,-0.40914,0.22716
-0.46861,-0.40678,0.22712
-0.46861,-0.40678,0.22712
-0.46861,-0.40678,0.22712
-0.46861,-0.40678,0.22712
-0.46861,-0.40678,0.22712
-0.46957,-0.40448,0.22719
-0.46957,-0.40448,0.22719
-0.46957,-0.40448,0.22719
-0.46957,-0.40448,0.22719
-0.46957,-0.40448,0.22719
-0.47045,-0.40225,0.22733
-0.47045,-0.40225,0.22733
-0.47045,-0.40225,0.22733
-0.47045,-0.40225,0.22733
-0.47045,-0.40225,0.22733
-0.47045,-0.40225,0.22733
-0.47121,-0.40007,0.22753
-0.47121,-0.40007,0.22753
-0.47121,-0.40007,0.22753
-0.47121,-0.40007,0.22753
-0.47181,-0.39795,0.22771
-0.47181,-0.39795,0.22771
-0.47181,-0.39795,0.22771
-0.47181,-0.39795,0.22771
-0.47181,-0.39795,0.22771
-0.47232,-0.39584,0.22799
-0.47232,-0.39584,0.22799
-0.47232,-0.39584,0.22799
-0.47232,-0.39584,0.22799
-0.47232,-0.39584,0.22799
-0.47271,-0.39390,0.22831
-0.47271,-0.39390,0.22831
-0.47271,-0.39390,0.22831
-0.47271,-0.39390,0.22831
-0.47271,-0.39390,0.22831
-0.47305,-0.39195,0.22858
-0.47305,-0.39195,0.22858
-0.47305,-0.39195,0.22858
-0.47305,-0.39195,0.22858
-0.47305,-0.39195,0.22858
-0.47339,-0.38998,0.22883
-0.47339,-0.38998,0.22883
-0.47339,-0.38998,0.22883
-0.47339,-0.38998,0.22883
-0.47339,-0.38998,0.22883
-0.47339,-0.38998,0.22883
-0.47376,-0.38788,0.22906
-0.47376,-0.38788,0.22906
-0.47376,-0.38788,0.22906
-0.47376,-0.38788,0.22906
-0.47407,-0.38577,0.22927
-0.47407,-0.38577,0.22927
-0.47407,-0.38577,0.22927
-0.47407,-0.38577,0.22927
-0.47407,-0.38577,0.22927
-0.47435,-0.38361,0.22950
-0.47435,-0.38361,0.22950
-0.47435,-0.38361,0.22950
-0.47435,-0.38361,0.22950
-0.47435,-0.38361,0.22950
-0.47462,-0.38149,0.22983
-0.47462,-0.38149,0.22983
-0.47462,-0.38149,0.22983
-0.47462,-0.38149,0.22983
-0.47462,-0.38149,0.22983
-0.47491,-0.37931,0.23021
-0.47491,-0.37931,0.23021
-0.47491,-0.37931,0.23021
-0.47491,-0.37931,0.23021
-0.47491,-0.37931,0.23021
-0.47520,-0.37713,0.23061
-0.47520,-0.37713,0.23061
-0.47520,-0.37713,0.23061
-0.47520,-0.37713,0.23061
-0.47520,-0.37713,0.23061
-0.47520,-0.37713,0.23061
-0.47545,-0.37497,0.23094
-0.47545,-0.37497,0.23094
-0.47545,-0.37497,0.23094
-0.47545,-0.37497,0.23094
-0.47570,-0.37277,0.23125
-0.47570,-0.37277,0.23125
-0.47570,-0.37277,0.23125
-0.47570,-0.37277,0.23125
-0.47570,-0.37277,0.23125
-0.47604,-0.37052,0.23166
-0.47604,-0.37052,0.23166
-0.47604,-0.37052,0.23166
-0.47604,-0.37052,0.23166
-0.47604,-0.37052,0.23166
-0.47640,-0.36827,0.23208
-0.47640,-0.36827,0.23208
-0.47640,-0.36827,0.23208
-0.47640,-0.36827,0.23208
-0.47640,-0.36827,0.23208
-0.47669,-0.36602,0.23245
-0.47669,-0.36602,0.23245
-0.47669,-0.36602,0.23245
-0.47669,-0.36602,0.23245
-0.47669,-0.36602,0.23245
-0.47699,-0.36382,0.23290
-0.47699,-0.36382,0.23290
-0.47699,-0.36382,0.23290
-0.47699,-0.36382,0.23290
-0.47699,-0.36382,0.23290
-0.47699,-0.36382,0.23290
-0.47728,-0.36167,0.23343
-0.47728,-0.36167,0.23343
-0.47728,-0.36167,0.23343
-0.47728,-0.36167,0.23343
-0.47758,-0.35950,0.23396
-0.47758,-0.35950,0.23396
-0.47758,-0.35950,0.23396
-0.47758,-0.35950,0.23396
-0.47758,-0.35950,0.23396
-0.47796,-0.35729,0.23452
-0.47796,-0.35729,0.23452
-0.47796,-0.35729,0.23452
-0.47796,-0.35729,0.23452
-0.47796,-0.35729,0.23452
-0.47836,-0.35497,0.23498
-0.47836,-0.35497,0.23498
-0.47836,-0.35497,0.23498
-0.47836,-0.35497,0.23498
-0.47836,-0.35497,0.23498
-0.47874,-0.35266,0.23541
-0.47874,-0.35266,0.23541
-0.47874,-0.35266,0.23541
-0.47874,-0.35266,0.23541
-0.47874,-0.35266,0.23541
-0.47909,-0.35038,0.23588
-0.47909,-0.35038,0.23588
-0.47909,-0.35038,0.23588
-0.47909,-0.35038,0.23588
-0.47909,-0.35038,0.23588
-0.47909,-0.35038,0.23588
-0.47941,-0.34814,0.23639
-0.47941,-0.34814,0.23639
-0.47941,-0.34814,0.23639
-0.47941,-0.34814,0.23639
-0.47974,-0.34592,0.23698
-0.47974,-0.34592,0.23698
-0.47974,-0.34592,0.23698
-0.47974,-0.34592,0.23698
-0.47974,-0.34592,0.23698
-0.47974,-0.34592,0.23698
-0.48004,-0.34357,0.23749
-0.48004,-0.34357,0.23749
-0.48004,-0.34357,0.23749
-0.48004,-0.34357,0.23749
-0.48036,-0.34113,0.23794
-0.48036,-0.34113,0.23794
-0.48036,-0.34113,0.23794
-0.48036,-0.34113,0.23794
-0.48036,-0.34113,0.23794
-0.48074,-0.33869,0.23843
-0.48074,-0.33869,0.23843
-0.48074,-0.33869,0.23843
-0.48074,-0.33869,0.23843
-0.48074,-0.33869,0.23843
-0.48105,-0.33624,0.23886
-0.48105,-0.33624,0.23886
-0.48105,-0.33624,0.23886
-0.48105,-0.33624,0.23886
-0.48105,-0.33624,0.23886
-0.48105,-0.33624,0.23886
-0.48132,-0.33387,0.23936
-0.48132,-0.33387,0.23936
-0.48132,-0.33387,0.23936
-0.48132,-0.33387,0.23936
-0.48153,-0.33148,0.23986
-0.48153,-0.33148,0.23986
-0.48153,-0.33148,0.23986
-0.48153,-0.33148,0.23986
-0.48153,-0.33148,0.23986
-0.48183,-0.32905,0.24040
-0.48183,-0.32905,0.24040
-0.48183,-0.32905,0.24040
-0.48183,-0.32905,0.24040
-0.48183,-0.32905,0.24040
-0.48221,-0.32659,0.24100
-0.48221,-0.32659,0.24100
-0.48221,-0.32659,0.24100
-0.48221,-0.32659,0.24100
-0.48221,-0.32659,0.24100
-0.48255,-0.32414,0.24154
-0.48255,-0.32414,0.24154
-0.48255,-0.32414,0.24154
-0.48255,-0.32414,0.24154
-0.48255,-0.32414,0.24154
-0.48284,-0.32174,0.24203
-0.48284,-0.32174,0.24203
-0.48284,-0.32174,0.24203
-0.48284,-0.32174,0.24203
-0.48284,-0.32174,0.24203
-0.48284,-0.32174,0.24203
-0.48310,-0.31937,0.24256
-0.48310,-0.31937,0.24256
-0.48310,-0.31937,0.24256
-0.48310,-0.31937,0.24256
-0.48336,-0.31695,0.24314
-0.48336,-0.31695,0.24314
-0.48336,-0.31695,0.24314
-0.48336,-0.31695,0.24314
-0.48336,-0.31695,0.24314
-0.48370,-0.31443,0.24379
-0.48370,-0.31443,0.24379
-0.48370,-0.31443,0.24379
-0.48370,-0.31443,0.24379
-0.48370,-0.31443,0.24379
-0.48406,-0.31194,0.24451
-0.48406,-0.31194,0.24451
-0.48406,-0.31194,0.24451
-0.48406,-0.31194,0.24451
-0.48406,-0.31194,0.24451
-0.48431,-0.30952,0.24515
-0.48431,-0.30952,0.24515
-0.48431,-0.30952,0.24515
-0.48431,-0.30952,0.24515
-0.48431,-0.30952,0.24515
-0.48449,-0.30713,0.24569
-0.48449,-0.30713,0.24569
-0.48449,-0.30713,0.24569
-0.48449,-0.30713,0.24569
-0.48449,-0.30713,0.24569
-0.48449,-0.30713,0.24569
-0.48470,-0.30467,0.24629
-0.48470,-0.30467,0.24629
-0.48470,-0.30467,0.24629
-0.48470,-0.30467,0.24629
-0.48498,-0.30211,0.24695
-0.48498,-0.30211,0.24695
-0.48498,-0.30211,0.24695
-0.48498,-0.30211,0.24695
-0.48498,-0.30211,0.24695
-0.48527,-0.29960,0.24769
-0.48527,-0.29960,0.24769
-0.48527,-0.29960,0.24769
-0.48527,-0.29960,0.24769
-0.48527,-0.29960,0.24769
-0.48548,-0.29718,0.24843
-0.48548,-0.29718,0.24843
-0.48548,-0.29718,0.24843
-0.48548,-0.29718,0.24843
-0.48548,-0.29718,0.24843
-0.48567,-0.29481,0.24915
-0.48567,-0.29481,0.24915
-0.48567,-0.29481,0.24915
-0.48567,-0.29481,0.24915
-0.48567,-0.29481,0.24915
-0.48590,-0.29238,0.24985
-0.48590,-0.29238,0.24985
-0.48590,-0.29238,0.24985
-0.48590,-0.29238,0.24985
-0.48590,-0.29238,0.24985
-0.48590,-0.29238,0.24985
-0.48622,-0.28985,0.25058
-0.48622,-0.28985,0.25058
-0.48622,-0.28985,0.25058
-0.48622,-0.28985,0.25058
-0.48659,-0.28738,0.25139
-0.48659,-0.28738,0.25139
-0.48659,-0.28738,0.25139
-0.48659,-0.28738,0.25139
-0.48659,-0.28738,0.25139
-0.48691,-0.28501,0.25219
-0.48691,-0.28501,0.25219
-0.48691,-0.28501,0.25219
-0.48691,-0.28501,0.25219
-0.48691,-0.28501,0.25219
-0.48714,-0.28274,0.25300
-0.48714,-0.28274,0.25300
-0.48714,-0.28274,0.25300
-0.48714,-0.28274,0.25300
-0.48714,-0.28274,0.25300
-0.48738,-0.28038,0.25383
-0.48738,-0.28038,0.25383
-0.48738,-0.28038,0.25383
-0.48738,-0.28038,0.25383
-0.48738,-0.28038,0.25383
-0.48770,-0.27788,0.25465
-0.48770,-0.27788,0.25465
-0.48770,-0.27788,0.25465
-0.48770,-0.27788,0.25465
-0.48770,-0.27788,0.25465
-0.48770,-0.27788,0.25465
-0.48798,-0.27538,0.25541
-0.48798,-0.27538,0.25541
-0.48798,-0.27538,0.25541
-0.48798,-0.27538,0.25541
-0.48822,-0.27299,0.25621
-0.48822,-0.27299,0.25621
-0.48822,-0.27299,0.25621
-0.48822,-0.27299,0.25621
-0.48822,-0.27299,0.25621
-0.48839,-0.27066,0.25701
-0.48839,-0.27066,0.25701
-0.48839,-0.27066,0.25701
-0.48839,-0.27066,0.25701
-0.48839,-0.27066,0.25701
-0.48854,-0.26826,0.25784
-0.48854,-0.26826,0.25784
-0.48854,-0.26826,0.25784
-0.48854,-0.26826,0.25784
-0.48854,-0.26826,0.25784
-0.48874,-0.26575,0.25872
-0.48874,-0.26575,0.25872
-0.48874,-0.26575,0.25872
-0.48874,-0.26575,0.25872
-0.48874,-0.26575,0.25872
-0.48894,-0.26324,0.25957
-0.48894,-0.26324,0.25957
-0.48894,-0.26324,0.25957
-0.48894,-0.26324,0.25957
-0.48894,-0.26324,0.25957
-0.48894,-0.26324,0.25957
-0.48909,-0.26083,0.26041
-0.48909,-0.26083,0.26041
-0.48909,-0.26083,0.26041
-0.48909,-0.26083,0.26041
-0.48922,-0.25853,0.26127
-0.48922,-0.25853,0.26127
-0.48922,-0.25853,0.26127
-0.48922,-0.25853,0.26127
-0.48922,-0.25853,0.26127
-0.48935,-0.25616,0.26214
-0.48935,-0.25616,0.26214
-0.48935,-0.25616,0.26214
-0.48935,-0.25616,0.26214
-0.48935,-0.25616,0.26214
-0.48956,-0.25369,0.26314
-0.48956,-0.25369,0.26314
-0.48956,-0.25369,0.26314
-0.48956,-0.25369,0.26314
-0.48956,-0.25369,0.26314
-0.48977,-0.25126,0.26416
-0.48977,-0.25126,0.26416
-0.48977,-0.25126,0.26416
-0.48977,-0.25126,0.26416
-0.48977,-0.25126,0.26416
-0.48994,-0.24891,0.26513
-0.48994,-0.24891,0.26513
-0.48994,-0.24891,0.26513
-0.48994,-0.24891,0.26513
-0.48994,-0.24891,0.26513
-0.48994,-0.24891,0.26513
-0.49011,-0.24664,0.26612
-0.49011,-0.24664,0.26612
-0.49011,-0.24664,0.26612
-0.49011,-0.24664,0.26612
-0.49030,-0.24432,0.26712
-0.49030,-0.24432,0.26712
-0.49030,-0.24432,0.26712
-0.49030,-0.24432,0.26712
-0.49030,-0.24432,0.26712
-0.49055,-0.24190,0.26819
-0.49055,-0.24190,0.26819
-0.49055,-0.24190,0.26819
-0.49055,-0.24190,0.26819
-0.49055,-0.24190,0.26819
-0.49080,-0.23952,0.26935
-0.49080,-0.23952,0.26935
-0.49080,-0.23952,0.26935
-0.49080,-0.23952,0.26935
-0.49080,-0.23952,0.26935
-0.49095,-0.23724,0.27046
-0.49095,-0.23724,0.27046
-0.49095,-0.23724,0.27046
-0.49095,-0.23724,0.27046
-0.49095,-0.23724,0.27046
-0.49110,-0.23504,0.27156
-0.49110,-0.23504,0.27156
-0.49110,-0.23504,0.27156
-0.49110,-0.23504,0.27156
-0.49110,-0.23504,0.27156
-0.49110,-0.23504,0.27156
-0.49127,-0.23278,0.27262
-0.49127,-0.23278,0.27262
-0.49127,-0.23278,0.27262
-0.49127,-0.23278,0.27262
-0.49152,-0.23038,0.27377
-0.49152,-0.23038,0.27377
-0.49152,-0.23038,0.27377
-0.49152,-0.23038,0.27377
-0.49152,-0.23038,0.27377
-0.49174,-0.22803,0.27498
-0.49174,-0.22803,0.27498
-0.49174,-0.22803,0.27498
-0.49174,-0.22803,0.27498
-0.49174,-0.22803,0.27498
-0.49188,-0.22579,0.27619
-0.49188,-0.22579,0.27619
-0.49188,-0.22579,0.27619
-0.49188,-0.22579,0.27619
-0.49188,-0.22579,0.27619
-0.49199,-0.22362,0.27737
-0.49199,-0.22362,0.27737
-0.49199,-0.22362,0.27737
-0.49199,-0.22362,0.27737
-0.49199,-0.22362,0.27737
-0.49209,-0.22136,0.27847
-0.49209,-0.22136,0.27847
-0.49209,-0.22136,0.27847
-0.49209,-0.22136,0.27847
-0.49209,-0.22136,0.27847
-0.49209,-0.22136,0.27847
-0.49226,-0.21900,0.27963
-0.49226,-0.21900,0.27963
-0.49226,-0.21900,0.27963
-0.49226,-0.21900,0.27963
-0.49243,-0.21669,0.28087
-0.49243,-0.21669,0.28087
-0.49243,-0.21669,0.28087
-0.49243,-0.21669,0.28087
-0.49243,-0.21669,0.28087
-0.49256,-0.21450,0.28218
-0.49256,-0.21450,0.28218
-0.49256,-0.21450,0.28218
-0.49256,-0.21450,0.28218
-0.49256,-0.21450,0.28218
-0.49263,-0.21238,0.28345
-0.49263,-0.21238,0.28345
-0.49263,-0.21238,0.28345
-0.49263,-0.21238,0.28345
-0.49263,-0.21238,0.28345
-0.49274,-0.21018,0.28469
-0.49274,-0.21018,0.28469
-0.49274,-0.21018,0.28469
-0.49274,-0.21018,0.28469
-0.49274,-0.21018,0.28469
-0.49288,-0.20786,0.28592
-0.49288,-0.20786,0.28592
-0.49288,-0.20786,0.28592
-0.49288,-0.20786,0.28592
-0.49288,-0.20786,0.28592
-0.49288,-0.20786,0.28592
-0.49298,-0.20557,0.28719
-0.49298,-0.20557,0.28719
-0.49298,-0.20557,0.28719
-0.49298,-0.20557,0.28719
-0.49311,-0.20342,0.28859
-0.49311,-0.20342,0.28859
-0.49311,-0.20342,0.28859
-0.49311,-0.20342,0.28859
-0.49311,-0.20342,0.28859
-0.49318,-0.20133,0.28998
-0.49318,-0.20133,0.28998
-0.49318,-0.20133,0.28998
-0.49318,-0.20133,0.28998
-0.49318,-0.20133,0.28998
-0.49326,-0.19918,0.29129
-0.49326,-0.19918,0.29129
-0.49326,-0.19918,0.29129
-0.49326,-0.19918,0.29129
-0.49326,-0.19918,0.29129
-0.49340,-0.19692,0.29263
-0.49340,-0.19692,0.29263
-0.49340,-0.19692,0.29263
-0.49340,-0.19692,0.29263
-0.49340,-0.19692,0.29263
-0.49352,-0.19468,0.29402
-0.49352,-0.19468,0.29402
-0.49352,-0.19468,0.29402
-0.49352,-0.19468,0.29402
-0.49352,-0.19468,0.29402
-0.49352,-0.19468,0.29402
-0.49362,-0.19256,0.29549
-0.49362,-0.19256,0.29549
-0.49362,-0.19256,0.29549
-0.49362,-0.19256,0.29549
-0.49365,-0.19051,0.29693
-0.49365,-0.19051,0.29693
-0.49365,-0.19051,0.29693
-0.49365,-0.19051,0.29693
-0.49365,-0.19051,0.29693
-0.49367,-0.18840,0.29831
-0.49367,-0.18840,0.29831
-0.49367,-0.18840,0.29831
-0.49367,-0.18840,0.29831
-0.49367,-0.18840,0.29831
-0.49375,-0.18618,0.29969
-0.49375,-0.18618,0.29969
-0.49375,-0.18618,0.29969
-0.49375,-0.18618,0.29969
-0.49375,-0.18618,0.29969
-0.49382,-0.18396,0.30112
-0.49382,-0.18396,0.30112
-0.49382,-0.18396,0.30112
-0.49382,-0.18396,0.30112
-0.49382,-0.18396,0.30112
-0.49388,-0.18185,0.30265
-0.49388,-0.18185,0.30265
-0.49388,-0.18185,0.30265
-0.49388,-0.18185,0.30265
-0.49388,-0.18185,0.30265
-0.49388,-0.18185,0.30265
-0.49392,-0.18002,0.30435
-0.49392,-0.18002,0.30435
-0.49392,-0.18002,0.30435
-0.49392,-0.18002,0.30435
-0.49392,-0.17834,0.30599
-0.49392,-0.17834,0.30599
-0.49392,-0.17834,0.30599
-0.49392,-0.17834,0.30599
-0.49392,-0.17834,0.30599
-0.49411,-0.17655,0.30771
-0.49411,-0.17655,0.30771
-0.49411,-0.17655,0.30771
-0.49411,-0.17655,0.30771
-0.49411,-0.17655,0.30771
-0.49433,-0.17485,0.30967
-0.49433,-0.17485,0.30967
-0.49433,-0.17485,0.30967
-0.49433,-0.17485,0.30967
-0.49433,-0.17485,0.30967
-0.49455,-0.17337,0.31190
-0.49455,-0.17337,0.31190
-0.49455,-0.17337,0.31190
-0.49455,-0.17337,0.31190
-0.49455,-0.17337,0.31190
-0.49470,-0.17219,0.31411
-0.49470,-0.17219,0.31411
-0.49470,-0.17219,0.31411
-0.49470,-0.17219,0.31411
-0.49470,-0.17219,0.31411
-0.49470,-0.17219,0.31411
-0.49482,-0.17096,0.31623
-0.49482,-0.17096,0.31623
-0.49482,-0.17096,0.31623
-0.49482,-0.17096,0.31623
-0.49495,-0.16955,0.31850
-0.49495,-0.16955,0.31850
-0.49495,-0.16955,0.31850
-0.49495,-0.16955,0.31850
-0.49495,-0.16955,0.31850
-0.49498,-0.16809,0.32090
-0.49498,-0.16809,0.32090
-0.49498,-0.16809,0.32090
-0.49498,-0.16809,0.32090
-0.49498,-0.16809,0.32090
-0.49490,-0.16667,0.32324
-0.49490,-0.16667,0.32324
-0.49490,-0.16667,0.32324
-0.49490,-0.16667,0.32324
-0.49490,-0.16667,0.32324
-0.49472,-0.16529,0.32541
-0.49472,-0.16529,0.32541
-0.49472,-0.16529,0.32541
-0.49472,-0.16529,0.32541
-0.49472,-0.16529,0.32541
-0.49448,-0.16386,0.32758
-0.49448,-0.16386,0.32758
-0.49448,-0.16386,0.32758
-0.49448,-0.16386,0.32758
-0.49448,-0.16386,0.32758
-0.49448,-0.16386,0.32758
-0.49424,-0.16238,0.32991
-0.49424,-0.16238,0.32991
-0.49424,-0.16238,0.32991
-0.49424,-0.16238,0.32991
-0.49399,-0.16087,0.33223
-0.49399,-0.16087,0.33223
-0.49399,-0.16087,0.33223
-0.49399,-0.16087,0.33223
-0.49399,-0.16087,0.33223
-0.49377,-0.15935,0.33441
-0.49377,-0.15935,0.33441
-0.49377,-0.15935,0.33441
-0.49377,-0.15935,0.33441
-0.49377,-0.15935,0.33441
-0.49358,-0.15783,0.33659
-0.49358,-0.15783,0.33659
-0.49358,-0.15783,0.33659
-0.49358,-0.15783,0.33659
-0.49358,-0.15783,0.33659
-0.49350,-0.15629,0.33896
-0.49350,-0.15629,0.33896
-0.49350,-0.15629,0.33896
-0.49350,-0.15629,0.33896
-0.49350,-0.15629,0.33896
-0.49348,-0.15475,0.34139
-0.49348,-0.15475,0.34139
-0.49348,-0.15475,0.34139
-0.49348,-0.15475,0.34139
-0.49348,-0.15475,0.34139
-0.49348,-0.15475,0.34139
-0.49351,-0.15325,0.34368
-0.49351,-0.15325,0.34368
-0.49351,-0.15325,0.34368
-0.49351,-0.15325,0.34368
-0.49355,-0.15179,0.34590
-0.49355,-0.15179,0.34590
-0.49355,-0.15179,0.34590
-0.49355,-0.15179,0.34590
-0.49355,-0.15179,0.34590
-0.49358,-0.15035,0.34826
-0.49358,-0.15035,0.34826
-0.49358,-0.15035,0.34826
-0.49358,-0.15035,0.34826
-0.49358,-0.15035,0.34826
-0.49361,-0.14889,0.35067
-0.49361,-0.14889,0.35067
-0.49361,-0.14889,0.35067
-0.49361,-0.14889,0.35067
-0.49361,-0.14889,0.35067
-0.49362,-0.14733,0.35289
-0.49362,-0.14733,0.35289
-0.49362,-0.14733,0.35289
-0.49362,-0.14733,0.35289
-0.49362,-0.14733,0.35289
-0.49359,-0.14566,0.35498
-0.49359,-0.14566,0.35498
-0.49359,-0.14566,0.35498
-0.49359,-0.14566,0.35498
-0.49359,-0.14566,0.35498
-0.49351,-0.14397,0.35711
-0.49351,-0.14397,0.35711
-0.49351,-0.14397,0.35711
-0.49351,-0.14397,0.35711
-0.49351,-0.14397,0.35711
-0.49337,-0.14228,0.35929
-0.49337,-0.14228,0.35929
-0.49337,-0.14228,0.35929
-0.49337,-0.14228,0.35929
-0.49337,-0.14228,0.35929
-0.49321,-0.14057,0.36139
-0.49321,-0.14057,0.36139
-0.49321,-0.14057,0.36139
-0.49321,-0.14057,0.36139
-0.49321,-0.14057,0.36139
-0.49304,-0.13881,0.36333
-0.49304,-0.13881,0.36333
-0.49304,-0.13881,0.36333
-0.49304,-0.13881,0.36333
-0.49304,-0.13881,0.36333
-0.49286,-0.13700,0.36525
-0.49286,-0.13700,0.36525
-0.49286,-0.13700,0.36525
-0.49286,-0.13700,0.36525
-0.49286,-0.13700,0.36525
-0.49271,-0.13517,0.36725
-0.49271,-0.13517,0.36725
-0.49271,-0.13517,0.36725
-0.49271,-0.13517,0.36725
-0.49271,-0.13517,0.36725
-0.49261,-0.13332,0.36930
-0.49261,-0.13332,0.36930
-0.49261,-0.13332,0.36930
-0.49261,-0.13332,0.36930
-0.49261,-0.13332,0.36930
-0.49253,-0.13148,0.37127
-0.49253,-0.13148,0.37127
-0.49253,-0.13148,0.37127
-0.49253,-0.13148,0.37127
-0.49253,-0.13148,0.37127
-0.49249,-0.12965,0.37319
-0.49249,-0.12965,0.37319
-0.49249,-0.12965,0.37319
-0.49249,-0.12965,0.37319
-0.49249,-0.12965,0.37319
-0.49246,-0.12786,0.37511
-0.49246,-0.12786,0.37511
-0.49246,-0.12786,0.37511
-0.49246,-0.12786,0.37511
-0.49246,-0.12786,0.37511
-0.49244,-0.12603,0.37707
-0.49244,-0.12603,0.37707
-0.49244,-0.12603,0.37707
-0.49244,-0.12603,0.37707
-0.49244,-0.12603,0.37707
-0.49243,-0.12412,0.37907
-0.49243,-0.12412,0.37907
-0.49243,-0.12412,0.37907
-0.49243,-0.12412,0.37907
-0.49243,-0.12412,0.37907
-0.49244,-0.12214,0.38098
-0.49244,-0.12214,0.38098
-0.49244,-0.12214,0.38098
-0.49244,-0.12214,0.38098
-0.49244,-0.12214,0.38098
-0.49243,-0.12016,0.38280
-0.49243,-0.12016,0.38280
-0.49243,-0.12016,0.38280
-0.49243,-0.12016,0.38280
-0.49243,-0.12016,0.38280
-0.49239,-0.11820,0.38457
-0.49239,-0.11820,0.38457
-0.49239,-0.11820,0.38457
-0.49239,-0.11820,0.38457
-0.49239,-0.11820,0.38457
-0.49233,-0.11628,0.38636
-0.49233,-0.11628,0.38636
-0.49233,-0.11628,0.38636
-0.49233,-0.11628,0.38636
-0.49233,-0.11628,0.38636
-0.49226,-0.11428,0.38816
-0.49226,-0.11428,0.38816
-0.49226,-0.11428,0.38816
-0.49226,-0.11428,0.38816
-0.49226,-0.11428,0.38816
-0.49220,-0.11216,0.38993
-0.49220,-0.11216,0.38993
-0.49220,-0.11216,0.38993
-0.49220,-0.11216,0.38993
-0.49220,-0.11216,0.38993
-0.49220,-0.11216,0.38993
-0.49213,-0.11001,0.39159
-0.49213,-0.11001,0.39159
-0.49213,-0.11001,0.39159
-0.49213,-0.11001,0.39159
-0.49204,-0.10790,0.39321
-0.49204,-0.10790,0.39321
-0.49204,-0.10790,0.39321
-0.49204,-0.10790,0.39321
-0.49204,-0.10790,0.39321
-0.49195,-0.10582,0.39483
-0.49195,-0.10582,0.39483
-0.49195,-0.10582,0.39483
-0.49195,-0.10582,0.39483
-0.49195,-0.10582,0.39483
-0.49186,-0.10369,0.39644
-0.49186,-0.10369,0.39644
-0.49186,-0.10369,0.39644
-0.49186,-0.10369,0.39644
-0.49186,-0.10369,0.39644
-0.49181,-0.10138,0.39804
-0.49181,-0.10138,0.39804
-0.49181,-0.10138,0.39804
-0.49181,-0.10138,0.39804
-0.49181,-0.10138,0.39804
-0.49176,-0.09907,0.39963
-0.49176,-0.09907,0.39963
-0.49176,-0.09907,0.39963
-0.49176,-0.09907,0.39963
-0.49176,-0.09907,0.39963
-0.49176,-0.09907,0.39963
-0.49171,-0.09685,0.40114
-0.49171,-0.09685,0.40114
-0.49171,-0.09685,0.40114
-0.49171,-0.09685,0.40114
-0.49166,-0.09469,0.40259
-0.49166,-0.09469,0.40259
-0.49166,-0.09469,0.40259
-0.49166,-0.09469,0.40259
-0.49166,-0.09469,0.40259
-0.49163,-0.09244,0.40402
-0.49163,-0.09244,0.40402
-0.49163,-0.09244,0.40402
-0.49163,-0.09244,0.40402
-0.49163,-0.09244,0.40402
-0.49163,-0.09004,0.40543
-0.49163,-0.09004,0.40543
-0.49163,-0.09004,0.40543
-0.49163,-0.09004,0.40543
-0.49163,-0.09004,0.40543
-0.49162,-0.08763,0.40681
-0.49162,-0.08763,0.40681
-0.49162,-0.08763,0.40681
-0.49162,-0.08763,0.40681
-0.49162,-0.08763,0.40681
-0.49157,-0.08533,0.40821
-0.49157,-0.08533,0.40821
-0.49157,-0.08533,0.40821
-0.49157,-0.08533,0.40821
-0.49157,-0.08533,0.40821
-0.49157,-0.08533,0.40821
-0.49151,-0.08305,0.40956
-0.49151,-0.08305,0.40956
-0.49151,-0.08305,0.40956
-0.49151,-0.08305,0.40956
-0.49149,-0.08060,0.41083
-0.49149,-0.08060,0.41083
-0.49149,-0.08060,0.41083
-0.49149,-0.08060,0.41083
-0.49149,-0.08060,0.41083
-0.49146,-0.07806,0.41206
-0.49146,-0.07806,0.41206
-0.49146,-0.07806,0.41206
-0.49146,-0.07806,0.41206
-0.49146,-0.07806,0.41206
-0.49143,-0.07561,0.41324
-0.49143,-0.07561,0.41324
-0.49143,-0.07561,0.41324
-0.49143,-0.07561,0.41324
-0.49143,-0.07561,0.41324
-0.49136,-0.07326,0.41438
-0.49136,-0.07326,0.41438
-0.49136,-0.07326,0.41438
-0.49136,-0.07326,0.41438
-0.49136,-0.07326,0.41438
-0.49129,-0.07085,0.41551
-0.49129,-0.07085,0.41551
-0.49129,-0.07085,0.41551
-0.49129,-0.07085,0.41551
-0.49129,-0.07085,0.41551
-0.49129,-0.07085,0.41551
-0.49123,-0.06832,0.41660
-0.49123,-0.06832,0.41660
-0.49123,-0.06832,0.41660
-0.49123,-0.06832,0.41660
-0.49115,-0.06577,0.41771
-0.49115,-0.06577,0.41771
-0.49115,-0.06577,0.41771
-0.49115,-0.06577,0.41771
-0.49115,-0.06577,0.41771
-0.49107,-0.06330,0.41877
-0.49107,-0.06330,0.41877
-0.49107,-0.06330,0.41877
-0.49107,-0.06330,0.41877
-0.49107,-0.06330,0.41877
-0.49100,-0.06081,0.41976
-0.49100,-0.06081,0.41976
-0.49100,-0.06081,0.41976
-0.49100,-0.06081,0.41976
-0.49100,-0.06081,0.41976
-0.49097,-0.05826,0.42069
-0.49097,-0.05826,0.42069
-0.49097,-0.05826,0.42069
-0.49097,-0.05826,0.42069
-0.49097,-0.05826,0.42069
-0.49094,-0.05568,0.42157
-0.49094,-0.05568,0.42157
-0.49094,-0.05568,0.42157
-0.49094,-0.05568,0.42157
-0.49094,-0.05568,0.42157
-0.49094,-0.05568,0.42157
-0.49092,-0.05312,0.42240
-0.49092,-0.05312,0.42240
-0.49092,-0.05312,0.42240
-0.49092,-0.05312,0.42240
-0.49091,-0.05053,0.42323
-0.49091,-0.05053,0.42323
-0.49091,-0.05053,0.42323
-0.49091,-0.05053,0.42323
-0.49091,-0.05053,0.42323
-0.49089,-0.04793,0.42400
-0.49089,-0.04793,0.42400
-0.49089,-0.04793,0.42400
-0.49089,-0.04793,0.42400
-0.49089,-0.04793,0.42400
-0.49086,-0.04534,0.42475
-0.49086,-0.04534,0.42475
-0.49086,-0.04534,0.42475
-0.49086,-0.04534,0.42475
-0.49086,-0.04534,0.42475
-0.49084,-0.04275,0.42546
-0.49084,-0.04275,0.42546
-0.49084,-0.04275,0.42546
-0.49084,-0.04275,0.42546
-0.49084,-0.04275,0.42546
-0.49080,-0.04009,0.42614
-0.49080,-0.04009,0.42614
-0.49080,-0.04009,0.42614
-0.49080,-0.04009,0.42614
-0.49080,-0.04009,0.42614
-0.49080,-0.04009,0.42614
-0.49075,-0.03739,0.42679
-0.49075,-0.03739,0.42679
-0.49075,-0.03739,0.42679
-0.49075,-0.03739,0.42679
-0.49072,-0.03473,0.42737
-0.49072,-0.03473,0.42737
-0.49072,-0.03473,0.42737
-0.49072,-0.03473,0.42737
-0.49072,-0.03473,0.42737
-0.49068,-0.03205,0.42791
-0.49068,-0.03205,0.42791
-0.49068,-0.03205,0.42791
-0.49068,-0.03205,0.42791
-0.49068,-0.03205,0.42791
-0.49062,-0.02933,0.42841
-0.49062,-0.02933,0.42841
-0.49062,-0.02933,0.42841
-0.49062,-0.02933,0.42841
-0.49062,-0.02933,0.42841
-0.49060,-0.02659,0.42886
-0.49060,-0.02659,0.42886
-0.49060,-0.02659,0.42886
-0.49060,-0.02659,0.42886
-0.49060,-0.02659,0.42886
-0.49057,-0.02389,0.42925
-0.49057,-0.02389,0.42925
-0.49057,-0.02389,0.42925
-0.49057,-0.02389,0.42925
-0.49057,-0.02389,0.42925
-0.49057,-0.02389,0.42925
-0.49054,-0.02117,0.42961
-0.49054,-0.02117,0.42961
-0.49054,-0.02117,0.42961
-0.49054,-0.02117,0.42961
-0.49050,-0.01841,0.42993
-0.49050,-0.01841,0.42993
-0.49050,-0.01841,0.42993
-0.49050,-0.01841,0.42993
-0.49050,-0.01841,0.42993
-0.49050,-0.01565,0.43019
-0.49050,-0.01565,0.43019
-0.49050,-0.01565,0.43019
-0.49050,-0.01565,0.43019
-0.49050,-0.01565,0.43019
-0.49052,-0.01290,0.43041
-0.49052,-0.01290,0.43041
-0.49052,-0.01290,0.43041
-0.49052,-0.01290,0.43041
-0.49052,-0.01290,0.43041
-0.49054,-0.01013,0.43061
-0.49054,-0.01013,0.43061
-0.49054,-0.01013,0.43061
-0.49054,-0.01013,0.43061
-0.49054,-0.01013,0.43061
-0.49056,-0.00733,0.43074
-0.49056,-0.00733,0.43074
-0.49056,-0.00733,0.43074
-0.49056,-0.00733,0.43074
-0.49056,-0.00733,0.43074
-0.49056,-0.00733,0.43074
-0.49057,-0.00455,0.43082
-0.49057,-0.00455,0.43082
-0.49057,-0.00455,0.43082
-0.49057,-0.00455,0.43082
-0.49057,-0.00177,0.43088
-0.49057,-0.00177,0.43088
-0.49057,-0.00177,0.43088
-0.49057,-0.00177,0.43088
-0.49057,-0.00177,0.43088
-0.49057,0.00104,0.43090
-0.49057,0.00104,0.43090
-0.49057,0.00104,0.43090
-0.49057,0.00104,0.43090
-0.49057,0.00104,0.43090
-0.49056,0.00385,0.43089
-0.49056,0.00385,0.43089
-0.49056,0.00385,0.43089
-0.49056,0.00385,0.43089
-0.49056,0.00385,0.43089
-0.49054,0.00665,0.43087
-0.49054,0.00665,0.43087
-0.49054,0.00665,0.43087
-0.49054,0.00665,0.43087
-0.49054,0.00665,0.43087
-0.49050,0.00945,0.43082
-0.49050,0.00945,0.43082
-0.49050,0.00945,0.43082
-0.49050,0.00945,0.43082
-0.49050,0.00945,0.43082
-0.49050,0.00945,0.43082
-0.49045,0.01225,0.43077
-0.49045,0.01225,0.43077
-0.49045,0.01225,0.43077
-0.49045,0.01225,0.43077
-0.49039,0.01505,0.43070
-0.49039,0.01505,0.43070
-0.49039,0.01505,0.43070
-0.49039,0.01505,0.43070
-0.49039,0.01505,0.43070
-0.49031,0.01786,0.43063
-0.49031,0.01786,0.43063
-0.49031,0.01786,0.43063
-0.49031,0.01786,0.43063
-0.49031,0.01786,0.43063
-0.49022,0.02068,0.43055
-0.49022,0.02068,0.43055
-0.49022,0.02068,0.43055
-0.49022,0.02068,0.43055
-0.49022,0.02068,0.43055
-0.49012,0.02348,0.43045
-0.49012,0.02348,0.43045
-0.49012,0.02348,0.43045
-0.49012,0.02348,0.43045
-0.49012,0.02348,0.43045
-0.49001,0.02628,0.43033
-0.49001,0.02628,0.43033
-0.49001,0.02628,0.43033
-0.49001,0.02628,0.43033
-0.49001,0.02628,0.43033
-0.49001,0.02628,0.43033
-0.48988,0.02907,0.43019
-0.48988,0.02907,0.43019
-0.48988,0.02907,0.43019
-0.48988,0.02907,0.43019
-0.48975,0.03185,0.43001
-0.48975,0.03185,0.43001
-0.48975,0.03185,0.43001
-0.48975,0.03185,0.43001
-0.48975,0.03185,0.43001
-0.48962,0.03462,0.42980
-0.48962,0.03462,0.42980
-0.48962,0.03462,0.42980
-0.48962,0.03462,0.42980
-0.48962,0.03462,0.42980
-0.48946,0.03740,0.42957
-0.48946,0.03740,0.42957
-0.48946,0.03740,0.42957
-0.48946,0.03740,0.42957
-0.48946,0.03740,0.42957
-0.48931,0.04018,0.42930
-0.48931,0.04018,0.42930
-0.48931,0.04018,0.42930
-0.48931,0.04018,0.42930
-0.48931,0.04018,0.42930
-0.48914,0.04295,0.42900
-0.48914,0.04295,0.42900
-0.48914,0.04295,0.42900
-0.48914,0.04295,0.42900
-0.48914,0.04295,0.42900
-0.48914,0.04295,0.42900
-0.48896,0.04570,0.42867
-0.48896,0.04570,0.42867
-0.48896,0.04570,0.42867
-0.48896,0.04570,0.42867
-0.48879,0.04845,0.42830
-0.48879,0.04845,0.42830
-0.48879,0.04845,0.42830
-0.48879,0.04845,0.42830
-0.48879,0.04845,0.42830
-0.48861,0.05118,0.42787
-0.48861,0.05118,0.42787
-0.48861,0.05118,0.42787
-0.48861,0.05118,0.42787
-0.48861,0.05118,0.42787
-0.48842,0.05389,0.42743
-0.48842,0.05389,0.42743
-0.48842,0.05389,0.42743
-0.48842,0.05389,0.42743
-0.48842,0.05389,0.42743
-0.48823,0.05659,0.42696
-0.48823,0.05659,0.42696
-0.48823,0.05659,0.42696
-0.48823,0.05659,0.42696
-0.48823,0.05659,0.42696
-0.48804,0.05931,0.42643
-0.48804,0.05931,0.42643
-0.48804,0.05931,0.42643
-0.48804,0.05931,0.42643
-0.48804,0.05931,0.42643
-0.48784,0.06200,0.42584
-0.48784,0.06200,0.42584
-0.48784,0.06200,0.42584
-0.48784,0.06200,0.42584
-0.48784,0.06200,0.42584
-0.48764,0.06466,0.42526
-0.48764,0.06466,0.42526
-0.48764,0.06466,0.42526
-0.48764,0.06466,0.42526
-0.48764,0.06466,0.42526
-0.48743,0.06732,0.42466
-0.48743,0.06732,0.42466
-0.48743,0.06732,0.42466
-0.48743,0.06732,0.42466
-0.48743,0.06732,0.42466
-0.48721,0.06998,0.42398
-0.48721,0.06998,0.42398
-0.48721,0.06998,0.42398
-0.48721,0.06998,0.42398
-0.48721,0.06998,0.42398
-0.48700,0.07258,0.42328
-0.48700,0.07258,0.42328
-0.48700,0.07258,0.42328
-0.48700,0.07258,0.42328
-0.48700,0.07258,0.42328
-0.48676,0.07519,0.42261
-0.48676,0.07519,0.42261
-0.48676,0.07519,0.42261
-0.48676,0.07519,0.42261
-0.48676,0.07519,0.42261
-0.48653,0.07781,0.42188
-0.48653,0.07781,0.42188
-0.48653,0.07781,0.42188
-0.48653,0.07781,0.42188
-0.48653,0.07781,0.42188
-0.48629,0.08039,0.42109
-0.48629,0.08039,0.42109
-0.48629,0.08039,0.42109
-0.48629,0.08039,0.42109
-0.48629,0.08039,0.42109
-0.48605,0.08291,0.42030
-0.48605,0.08291,0.42030
-0.48605,0.08291,0.42030
-0.48605,0.08291,0.42030
-0.48605,0.08291,0.42030
-0.48581,0.08545,0.41945
-0.48581,0.08545,0.41945
-0.48581,0.08545,0.41945
-0.48581,0.08545,0.41945
-0.48581,0.08545,0.41945
-0.48556,0.08799,0.41856
-0.48556,0.08799,0.41856
-0.48556,0.08799,0.41856
-0.48556,0.08799,0.41856
-0.48556,0.08799,0.41856
-0.48532,0.09048,0.41762
-0.48532,0.09048,0.41762
-0.48532,0.09048,0.41762
-0.48532,0.09048,0.41762
-0.48532,0.09048,0.41762
-0.48532,0.09048,0.41762
-0.48509,0.09294,0.41667
-0.48509,0.09294,0.41667
-0.48509,0.09294,0.41667
-0.48509,0.09294,0.41667
-0.48486,0.09543,0.41566
-0.48486,0.09543,0.41566
-0.48486,0.09543,0.41566
-0.48486,0.09543,0.41566
-0.48486,0.09543,0.41566
-0.48463,0.09791,0.41464
-0.48463,0.09791,0.41464
-0.48463,0.09791,0.41464
-0.48463,0.09791,0.41464
-0.48463,0.09791,0.41464
-0.48442,0.10032,0.41362
-0.48442,0.10032,0.41362
-0.48442,0.10032,0.41362
-0.48442,0.10032,0.41362
-0.48442,0.10032,0.41362
-0.48425,0.10272,0.41259
-0.48425,0.10272,0.41259
-0.48425,0.10272,0.41259
-0.48425,0.10272,0.41259
-0.48425,0.10272,0.41259
-0.48410,0.10516,0.41153
-0.48410,0.10516,0.41153
-0.48410,0.10516,0.41153
-0.48410,0.10516,0.41153
-0.48410,0.10516,0.41153
-0.48395,0.10758,0.41044
-0.48395,0.10758,0.41044
-0.48395,0.10758,0.41044
-0.48395,0.10758,0.41044
-0.48395,0.10758,0.41044
-0.48382,0.10993,0.40930
-0.48382,0.10993,0.40930
-0.48382,0.10993,0.40930
-0.48382,0.10993,0.40930
-0.48382,0.10993,0.40930
-0.48368,0.11229,0.40813
-0.48368,0.11229,0.40813
-0.48368,0.11229,0.40813
-0.48368,0.11229,0.40813
-0.48368,0.11229,0.40813
-0.48351,0.11467,0.40692
-0.48351,0.11467,0.40692
-0.48351,0.11467,0.40692
-0.48351,0.11467,0.40692
-0.48351,0.11467,0.40692
-0.48334,0.11704,0.40564
-0.48334,0.11704,0.40564
-0.48334,0.11704,0.40564
-0.48334,0.11704,0.40564
-0.48334,0.11704,0.40564
-0.48316,0.11934,0.40439
-0.48316,0.11934,0.40439
-0.48316,0.11934,0.40439
-0.48316,0.11934,0.40439
-0.48316,0.11934,0.40439
-0.48316,0.11934,0.40439
-0.48294,0.12162,0.40317
-0.48294,0.12162,0.40317
-0.48294,0.12162,0.40317
-0.48294,0.12162,0.40317
-0.48273,0.12395,0.40192
-0.48273,0.12395,0.40192
-0.48273,0.12395,0.40192
-0.48273,0.12395,0.40192
-0.48273,0.12395,0.40192
-0.48251,0.12626,0.40063
-0.48251,0.12626,0.40063
-0.48251,0.12626,0.40063
-0.48251,0.12626,0.40063
-0.48251,0.12626,0.40063
-0.48231,0.12851,0.39930
-0.48231,0.12851,0.39930
-0.48231,0.12851,0.39930
-0.48231,0.12851,0.39930
-0.48231,0.12851,0.39930
-0.48212,0.13074,0.39795
-0.48212,0.13074,0.39795
-0.48212,0.13074,0.39795
-0.48212,0.13074,0.39795
-0.48212,0.13074,0.39795
-0.48192,0.13302,0.39655
-0.48192,0.13302,0.39655
-0.48192,0.13302,0.39655
-0.48192,0.13302,0.39655
-0.48192,0.13302,0.39655
-0.48192,0.13302,0.39655
-0.48173,0.13530,0.39513
-0.48173,0.13530,0.39513
-0.48173,0.13530,0.39513
-0.48173,0.13530,0.39513
-0.48152,0.13754,0.39375
-0.48152,0.13754,0.39375
-0.48152,0.13754,0.39375
-0.48152,0.13754,0.39375
-0.48152,0.13754,0.39375
-0.48131,0.13973,0.39240
-0.48131,0.13973,0.39240
-0.48131,0.13973,0.39240
-0.48131,0.13973,0.39240
-0.48131,0.13973,0.39240
-0.48110,0.14194,0.39103
-0.48110,0.14194,0.39103
-0.48110,0.14194,0.39103
-0.48110,0.14194,0.39103
-0.48110,0.14194,0.39103
-0.48088,0.14416,0.38959
-0.48088,0.14416,0.38959
-0.48088,0.14416,0.38959
-0.48088,0.14416,0.38959
-0.48088,0.14416,0.38959
-0.48068,0.14636,0.38812
-0.48068,0.14636,0.38812
-0.48068,0.14636,0.38812
-0.48068,0.14636,0.38812
-0.48068,0.14636,0.38812
-0.48068,0.14636,0.38812
-0.48048,0.14853,0.38662
-0.48048,0.14853,0.38662
-0.48048,0.14853,0.38662
-0.48048,0.14853,0.38662
-0.48030,0.15067,0.38511
-0.48030,0.15067,0.38511
-0.48030,0.15067,0.38511
-0.48030,0.15067,0.38511
-0.48030,0.15067,0.38511
-0.48007,0.15285,0.38364
-0.48007,0.15285,0.38364
-0.48007,0.15285,0.38364
-0.48007,0.15285,0.38364
-0.48007,0.15285,0.38364
-0.47983,0.15501,0.38219
-0.47983,0.15501,0.38219
-0.47983,0.15501,0.38219
-0.47983,0.15501,0.38219
-0.47983,0.15501,0.38219
-0.47959,0.15715,0.38071
-0.47959,0.15715,0.38071
-0.47959,0.15715,0.38071
-0.47959,0.15715,0.38071
-0.47959,0.15715,0.38071
-0.47935,0.15925,0.37918
-0.47935,0.15925,0.37918
-0.47935,0.15925,0.37918
-0.47935,0.15925,0.37918
-0.47935,0.15925,0.37918
-0.47935,0.15925,0.37918
-0.47911,0.16133,0.37761
-0.47911,0.16133,0.37761
-0.47911,0.16133,0.37761
-0.47911,0.16133,0.37761
-0.47887,0.16344,0.37599
-0.47887,0.16344,0.37599
-0.47887,0.16344,0.37599
-0.47887,0.16344,0.37599
-0.47887,0.16344,0.37599
-0.47863,0.16556,0.37441
-0.47863,0.16556,0.37441
-0.47863,0.16556,0.37441
-0.47863,0.16556,0.37441
-0.47863,0.16556,0.37441
-0.47837,0.16764,0.37289
-0.47837,0.16764,0.37289
-0.47837,0.16764,0.37289
-0.47837,0.16764,0.37289
-0.47837,0.16764,0.37289
-0.47812,0.16967,0.37137
-0.47812,0.16967,0.37137
-0.47812,0.16967,0.37137
-0.47812,0.16967,0.37137
-0.47812,0.16967,0.37137
-0.47787,0.17169,0.36978
-0.47787,0.17169,0.36978
-0.47787,0.17169,0.36978
-0.47787,0.17169,0.36978
-0.47787,0.17169,0.36978
-0.47787,0.17169,0.36978
-0.47760,0.17378,0.36817
-0.47760,0.17378,0.36817
-0.47760,0.17378,0.36817
-0.47760,0.17378,0.36817
-0.47733,0.17585,0.36651
-0.47733,0.17585,0.36651
-0.47733,0.17585,0.36651
-0.47733,0.17585,0.36651
-0.47733,0.17585,0.36651
-0.47710,0.17788,0.36488
-0.47710,0.17788,0.36488
-0.47710,0.17788,0.36488
-0.47710,0.17788,0.36488
-0.47710,0.17788,0.36488
-0.47688,0.17983,0.36332
-0.47688,0.17983,0.36332
-0.47688,0.17983,0.36332
-0.47688,0.17983,0.36332
-0.47688,0.17983,0.36332
-0.47663,0.18183,0.36176
-0.47663,0.18183,0.36176
-0.47663,0.18183,0.36176
-0.47663,0.18183,0.36176
-0.47663,0.18183,0.36176
-0.47636,0.18390,0.36014
-0.47636,0.18390,0.36014
-0.47636,0.18390,0.36014
-0.47636,0.18390,0.36014
-0.47636,0.18390,0.36014
-0.47636,0.18390,0.36014
-0.47608,0.18592,0.35847
-0.47608,0.18592,0.35847
-0.47608,0.18592,0.35847
-0.47608,0.18592,0.35847
-0.47581,0.18788,0.35678
-0.47581,0.18788,0.35678
-0.47581,0.18788,0.35678
-0.47581,0.18788,0.35678
-0.47581,0.18788,0.35678
-0.47558,0.18979,0.35513
-0.47558,0.18979,0.35513
-0.47558,0.18979,0.35513
-0.47558,0.18979,0.35513
-0.47558,0.18979,0.35513
-0.47536,0.19173,0.35353
-0.47536,0.19173,0.35353
-0.47536,0.19173,0.35353
-0.47536,0.19173,0.35353
-0.47536,0.19173,0.35353
-0.47508,0.19375,0.35192
-0.47508,0.19375,0.35192
-0.47508,0.19375,0.35192
-0.47508,0.19375,0.35192
-0.47508,0.19375,0.35192
-0.47480,0.19574,0.35025
-0.47480,0.19574,0.35025
-0.47480,0.19574,0.35025
-0.47480,0.19574,0.35025
-0.47480,0.19574,0.35025
-0.47480,0.19574,0.35025
-0.47453,0.19767,0.34856
-0.47453,0.19767,0.34856
-0.47453,0.19767,0.34856
-0.47453,0.19767,0.34856
-0.47428,0.19955,0.34686
-0.47428,0.19955,0.34686
-0.47428,0.19955,0.34686
-0.47428,0.19955,0.34686
-0.47428,0.19955,0.34686
-0.47404,0.20144,0.34518
-0.47404,0.20144,0.34518
-0.47404,0.20144,0.34518
-0.47404,0.20144,0.34518
-0.47404,0.20144,0.34518
-0.47378,0.20338,0.34357
-0.47378,0.20338,0.34357
-0.47378,0.20338,0.34357
-0.47378,0.20338,0.34357
-0.47378,0.20338,0.34357
-0.47351,0.20532,0.34192
-0.47351,0.20532,0.34192
-0.47351,0.20532,0.34192
-0.47351,0.20532,0.34192
-0.47351,0.20532,0.34192
-0.47323,0.20722,0.34022
-0.47323,0.20722,0.34022
-0.47323,0.20722,0.34022
-0.47323,0.20722,0.34022
-0.47323,0.20722,0.34022
-0.47323,0.20722,0.34022
-0.47297,0.20909,0.33849
-0.47297,0.20909,0.33849
-0.47297,0.20909,0.33849
-0.47297,0.20909,0.33849
-0.47274,0.21094,0.33679
-0.47274,0.21094,0.33679
-0.47274,0.21094,0.33679
-0.47274,0.21094,0.33679
-0.47274,0.21094,0.33679
-0.47250,0.21284,0.33515
-0.47250,0.21284,0.33515
-0.47250,0.21284,0.33515
-0.47250,0.21284,0.33515
-0.47250,0.21284,0.33515
-0.47225,0.21476,0.33352
-0.47225,0.21476,0.33352
-0.47225,0.21476,0.33352
-0.47225,0.21476,0.33352
-0.47225,0.21476,0.33352
-0.47198,0.21664,0.33182
-0.47198,0.21664,0.33182
-0.47198,0.21664,0.33182
-0.47198,0.21664,0.33182
-0.47198,0.21664,0.33182
-0.47171,0.21850,0.33008
-0.47171,0.21850,0.33008
-0.47171,0.21850,0.33008
-0.47171,0.21850,0.33008
-0.47171,0.21850,0.33008
-0.47171,0.21850,0.33008
-0.47146,0.22035,0.32835
-0.47146,0.22035,0.32835
-0.47146,0.22035,0.32835
-0.47146,0.22035,0.32835
-0.47123,0.22220,0.32669
-0.47123,0.22220,0.32669
-0.47123,0.22220,0.32669
-0.47123,0.22220,0.32669
-0.47123,0.22220,0.32669
-0.47097,0.22409,0.32505
-0.47097,0.22409,0.32505
-0.47097,0.22409,0.32505
-0.47097,0.22409,0.32505
-0.47097,0.22409,0.32505
-0.47071,0.22597,0.32339
-0.47071,0.22597,0.32339
-0.47071,0.22597,0.32339
-0.47071,0.22597,0.32339
-0.47071,0.22597,0.32339
-0.47045,0.22783,0.32165
-0.47045,0.22783,0.32165
-0.47045,0.22783,0.32165
-0.47045,0.22783,0.32165
-0.47045,0.22783,0.32165
-0.47019,0.22967,0.31990
-0.47019,0.22967,0.31990
-0.47019,0.22967,0.31990
-0.47019,0.22967,0.31990
-0.47019,0.22967,0.31990
-0.47019,0.22967,0.31990
-0.46995,0.23150,0.31822
-0.46995,0.23150,0.31822
-0.46995,0.23150,0.31822
-0.46995,0.23150,0.31822
-0.46972,0.23335,0.31661
-0.46972,0.23335,0.31661
-0.46972,0.23335,0.31661
-0.46972,0.23335,0.31661
-0.46972,0.23335,0.31661
-0.46947,0.23526,0.31496
-0.46947,0.23526,0.31496
-0.46947,0.23526,0.31496
-0.46947,0.23526,0.31496
-0.46947,0.23526,0.31496
-0.46923,0.23714,0.31325
-0.46923,0.23714,0.31325
-0.46923,0.23714,0.31325
-0.46923,0.23714,0.31325
-0.46923,0.23714,0.31325
-0.46899,0.23900,0.31152
-0.46899,0.23900,0.31152
-0.46899,0.23900,0.31152
-0.46899,0.23900,0.31152
-0.46899,0.23900,0.31152
-0.46876,0.24084,0.30988
-0.46876,0.24084,0.30988
-0.46876,0.24084,0.30988
-0.46876,0.24084,0.30988
-0.46876,0.24084,0.30988
-0.46876,0.24084,0.30988
-0.46857,0.24269,0.30830
-0.46857,0.24269,0.30830
-0.46857,0.24269,0.30830
-0.46857,0.24269,0.30830
-0.46836,0.24456,0.30670
-0.46836,0.24456,0.30670
-0.46836,0.24456,0.30670
-0.46836,0.24456,0.30670
-0.46836,0.24456,0.30670
-0.46812,0.24647,0.30503
-0.46812,0.24647,0.30503
-0.46812,0.24647,0.30503
-0.46812,0.24647,0.30503
-0.46812,0.24647,0.30503
-0.46789,0.24836,0.30332
-0.46789,0.24836,0.30332
-0.46789,0.24836,0.30332
-0.46789,0.24836,0.30332
-0.46789,0.24836,0.30332
-0.46765,0.25024,0.30169
-0.46765,0.25024,0.30169
-0.46765,0.25024,0.30169
-0.46765,0.25024,0.30169
-0.46765,0.25024,0.30169
-0.46745,0.25210,0.30013
-0.46745,0.25210,0.30013
-0.46745,0.25210,0.30013
-0.46745,0.25210,0.30013
-0.46745,0.25210,0.30013
-0.46745,0.25210,0.30013
-0.46725,0.25395,0.29854
-0.46725,0.25395,0.29854
-0.46725,0.25395,0.29854
-0.46725,0.25395,0.29854
-0.46703,0.25583,0.29687
-0.46703,0.25583,0.29687
-0.46703,0.25583,0.29687
-0.46703,0.25583,0.29687
-0.46703,0.25583,0.29687
-0.46677,0.25776,0.29515
-0.46677,0.25776,0.29515
-0.46677,0.25776,0.29515
-0.46677,0.25776,0.29515
-0.46677,0.25776,0.29515
-0.46655,0.25967,0.29357
-0.46655,0.25967,0.29357
-0.46655,0.25967,0.29357
-0.46655,0.25967,0.29357
-0.46655,0.25967,0.29357
-0.46634,0.26158,0.29206
-0.46634,0.26158,0.29206
-0.46634,0.26158,0.29206
-0.46634,0.26158,0.29206
-0.46634,0.26158,0.29206
-0.46617,0.26346,0.29052
-0.46617,0.26346,0.29052
-0.46617,0.26346,0.29052
-0.46617,0.26346,0.29052
-0.46617,0.26346,0.29052
-0.46617,0.26346,0.29052
-0.46601,0.26536,0.28892
-0.46601,0.26536,0.28892
-0.46601,0.26536,0.28892
-0.46601,0.26536,0.28892
-0.46584,0.26732,0.28730
-0.46584,0.26732,0.28730
-0.46584,0.26732,0.28730
-0.46584,0.26732,0.28730
-0.46584,0.26732,0.28730
-0.46565,0.26930,0.28578
-0.46565,0.26930,0.28578
-0.46565,0.26930,0.28578
-0.46565,0.26930,0.28578
-0.46565,0.26930,0.28578
-0.46550,0.27127,0.28434
-0.46550,0.27127,0.28434
-0.46550,0.27127,0.28434
-0.46550,0.27127,0.28434
-0.46550,0.27127,0.28434
-0.46531,0.27320,0.28282
-0.46531,0.27320,0.28282
-0.46531,0.27320,0.28282
-0.46531,0.27320,0.28282
-0.46531,0.27320,0.28282
-0.46514,0.27512,0.28123
-0.46514,0.27512,0.28123
-0.46514,0.27512,0.28123
-0.46514,0.27512,0.28123
-0.46514,0.27512,0.28123
-0.46514,0.27512,0.28123
-0.46495,0.27704,0.27967
-0.46495,0.27704,0.27967
-0.46495,0.27704,0.27967
-0.46495,0.27704,0.27967
-0.46478,0.27901,0.27821
-0.46478,0.27901,0.27821
-0.46478,0.27901,0.27821
-0.46478,0.27901,0.27821
-0.46478,0.27901,0.27821
-0.46461,0.28102,0.27682
-0.46461,0.28102,0.27682
-0.46461,0.28102,0.27682
-0.46461,0.28102,0.27682
-0.46461,0.28102,0.27682
-0.46446,0.28302,0.27539
-0.46446,0.28302,0.27539
-0.46446,0.28302,0.27539
-0.46446,0.28302,0.27539
-0.46446,0.28302,0.27539
-0.46430,0.28503,0.27385
-0.46430,0.28503,0.27385
-0.46430,0.28503,0.27385
-0.46430,0.28503,0.27385
-0.46430,0.28503,0.27385
-0.46416,0.28702,0.27237
-0.46416,0.28702,0.27237
-0.46416,0.28702,0.27237
-0.46416,0.28702,0.27237
-0.46416,0.28702,0.27237
-0.46416,0.28702,0.27237
-0.46407,0.28902,0.27101
-0.46407,0.28902,0.27101
-0.46407,0.28902,0.27101
-0.46407,0.28902,0.27101
-0.46398,0.29105,0.26967
-0.46398,0.29105,0.26967
-0.46398,0.29105,0.26967
-0.46398,0.29105,0.26967
-0.46398,0.29105,0.26967
-0.46386,0.29312,0.26827
-0.46386,0.29312,0.26827
-0.46386,0.29312,0.26827
-0.46386,0.29312,0.26827
-0.46386,0.29312,0.26827
-0.46373,0.29521,0.26682
-0.46373,0.29521,0.26682
-0.46373,0.29521,0.26682
-0.46373,0.29521,0.26682
-0.46373,0.29521,0.26682
-0.46361,0.29730,0.26548
-0.46361,0.29730,0.26548
-0.46361,0.29730,0.26548
-0.46361,0.29730,0.26548
-0.46361,0.29730,0.26548
-0.46351,0.29934,0.26423
-0.46351,0.29934,0.26423
-0.46351,0.29934,0.26423
-0.46351,0.29934,0.26423
-0.46351,0.29934,0.26423
-0.46351,0.29934,0.26423
-0.46342,0.30137,0.26294
-0.46342,0.30137,0.26294
-0.46342,0.30137,0.26294
-0.46342,0.30137,0.26294
-0.46331,0.30345,0.26158
-0.46331,0.30345,0.26158
-0.46331,0.30345,0.26158
-0.46331,0.30345,0.26158
-0.46331,0.30345,0.26158
-0.46314,0.30559,0.26021
-0.46314,0.30559,0.26021
-0.46314,0.30559,0.26021
-0.46314,0.30559,0.26021
-0.46314,0.30559,0.26021
-0.46300,0.30775,0.25898
-0.46300,0.30775,0.25898
-0.46300,0.30775,0.25898
-0.46300,0.30775,0.25898
-0.46300,0.30775,0.25898
-0.46290,0.30989,0.25786
-0.46290,0.30989,0.25786
-0.46290,0.30989,0.25786
-0.46290,0.30989,0.25786
-0.46290,0.30989,0.25786
-0.46283,0.31199,0.25668
-0.46283,0.31199,0.25668
-0.46283,0.31199,0.25668
-0.46283,0.31199,0.25668
-0.46283,0.31199,0.25668
-0.46275,0.31410,0.25541
-0.46275,0.31410,0.25541
-0.46275,0.31410,0.25541
-0.46275,0.31410,0.25541
-0.46275,0.31410,0.25541
-0.46266,0.31628,0.25419
-0.46266,0.31628,0.25419
-0.46266,0.31628,0.25419
-0.46266,0.31628,0.25419
-0.46266,0.31628,0.25419
-0.46259,0.31855,0.25313
-0.46259,0.31855,0.25313
-0.46259,0.31855,0.25313
-0.46259,0.31855,0.25313
-0.46259,0.31855,0.25313
-0.46256,0.32082,0.25214
-0.46256,0.32082,0.25214
-0.46256,0.32082,0.25214
-0.46256,0.32082,0.25214
-0.46256,0.32082,0.25214
-0.46252,0.32305,0.25108
-0.46252,0.32305,0.25108
-0.46252,0.32305,0.25108
-0.46252,0.32305,0.25108
-0.46252,0.32305,0.25108
-0.46250,0.32528,0.24996
-0.46250,0.32528,0.24996
-0.46250,0.32528,0.24996
-0.46250,0.32528,0.24996
-0.46250,0.32528,0.24996
-0.46250,0.32528,0.24996
-0.46250,0.32753,0.24887
-0.46250,0.32753,0.24887
-0.46250,0.32753,0.24887
-0.46250,0.32753,0.24887
-0.46254,0.32986,0.24797
-0.46254,0.32986,0.24797
-0.46254,0.32986,0.24797
-0.46254,0.32986,0.24797
-0.46254,0.32986,0.24797
-0.46250,0.33221,0.24705
-0.46250,0.33221,0.24705
-0.46250,0.33221,0.24705
-0.46250,0.33221,0.24705
-0.46250,0.33221,0.24705
-0.46246,0.33454,0.24604
-0.46246,0.33454,0.24604
-0.46246,0.33454,0.24604
-0.46246,0.33454,0.24604
-0.46246,0.33454,0.24604
-0.46241,0.33688,0.24502
-0.46241,0.33688,0.24502
-0.46241,0.33688,0.24502
-0.46241,0.33688,0.24502
-0.46241,0.33688,0.24502
-0.46240,0.33923,0.24408
-0.46240,0.33923,0.24408
-0.46240,0.33923,0.24408
-0.46240,0.33923,0.24408
-0.46240,0.33923,0.24408
-0.46240,0.33923,0.24408
-0.46241,0.34155,0.24321
-0.46241,0.34155,0.24321
-0.46241,0.34155,0.24321
-0.46241,0.34155,0.24321
-0.46239,0.34389,0.24233
-0.46239,0.34389,0.24233
-0.46239,0.34389,0.24233
-0.46239,0.34389,0.24233
-0.46239,0.34389,0.24233
-0.46232,0.34630,0.24141
-0.46232,0.34630,0.24141
-0.46232,0.34630,0.24141
-0.46232,0.34630,0.24141
-0.46232,0.34630,0.24141
-0.46221,0.34874,0.24048
-0.46221,0.34874,0.24048
-0.46221,0.34874,0.24048
-0.46221,0.34874,0.24048
-0.46221,0.34874,0.24048
-0.46210,0.35116,0.23958
-0.46210,0.35116,0.23958
-0.46210,0.35116,0.23958
-0.46210,0.35116,0.23958
-0.46210,0.35116,0.23958
-0.46204,0.35353,0.23877
-0.46204,0.35353,0.23877
-0.46204,0.35353,0.23877
-0.46204,0.35353,0.23877
-0.46204,0.35353,0.23877
-0.46204,0.35353,0.23877
-0.46202,0.35591,0.23801
-0.46202,0.35591,0.23801
-0.46202,0.35591,0.23801
-0.46202,0.35591,0.23801
-0.46197,0.35835,0.23723
-0.46197,0.35835,0.23723
-0.46197,0.35835,0.23723
-0.46197,0.35835,0.23723
-0.46197,0.35835,0.23723
-0.46182,0.36084,0.23639
-0.46182,0.36084,0.23639
-0.46182,0.36084,0.23639
-0.46182,0.36084,0.23639
-0.46182,0.36084,0.23639
-0.46167,0.36330,0.23558
-0.46167,0.36330,0.23558
-0.46167,0.36330,0.23558
-0.46167,0.36330,0.23558
-0.46167,0.36330,0.23558
-0.46159,0.36576,0.23494
-0.46159,0.36576,0.23494
-0.46159,0.36576,0.23494
-0.46159,0.36576,0.23494
-0.46159,0.36576,0.23494
-0.46157,0.36823,0.23439
-0.46157,0.36823,0.23439
-0.46157,0.36823,0.23439
-0.46157,0.36823,0.23439
-0.46157,0.36823,0.23439
-0.46157,0.36823,0.23439
-0.46152,0.37066,0.23375
-0.46152,0.37066,0.23375
-0.46152,0.37066,0.23375
-0.46152,0.37066,0.23375
-0.46142,0.37311,0.23307
-0.46142,0.37311,0.23307
-0.46142,0.37311,0.23307
-0.46142,0.37311,0.23307
-0.46142,0.37311,0.23307
-0.46127,0.37564,0.23243
-0.46127,0.37564,0.23243
-0.46127,0.37564,0.23243
-0.46127,0.37564,0.23243
-0.46127,0.37564,0.23243
-0.46117,0.37819,0.23197
-0.46117,0.37819,0.23197
-0.46117,0.37819,0.23197
-0.46117,0.37819,0.23197
-0.46117,0.37819,0.23197
-0.46107,0.38068,0.23152
-0.46107,0.38068,0.23152
-0.46107,0.38068,0.23152
-0.46107,0.38068,0.23152
-0.46107,0.38068,0.23152
-0.46100,0.38317,0.23109
-0.46100,0.38317,0.23109
-0.46100,0.38317,0.23109
-0.46100,0.38317,0.23109
-0.46100,0.38317,0.23109
-0.46093,0.38567,0.23066
-0.46093,0.38567,0.23066
-0.46093,0.38567,0.23066
-0.46093,0.38567,0.23066
-0.46093,0.38567,0.23066
-0.46081,0.38824,0.23027
-0.46081,0.38824,0.23027
-0.46081,0.38824,0.23027
-0.46081,0.38824,0.23027
-0.46081,0.38824,0.23027
-0.46061,0.39077,0.22983
-0.46061,0.39077,0.22983
-0.46061,0.39077,0.22983
-0.46061,0.39077,0.22983
-0.46061,0.39077,0.22983
-0.46044,0.39332,0.22953
-0.46044,0.39332,0.22953
-0.46044,0.39332,0.22953
-0.46044,0.39332,0.22953
-0.46044,0.39332,0.22953
-0.46031,0.39588,0.22937
-0.46031,0.39588,0.22937
-0.46031,0.39588,0.22937
-0.46031,0.39588,0.22937
-0.46031,0.39588,0.22937
-0.46020,0.39840,0.22919
-0.46020,0.39840,0.22919
-0.46020,0.39840,0.22919
-0.46020,0.39840,0.22919
-0.46020,0.39840,0.22919
-0.46020,0.39840,0.22919
-0.46006,0.40090,0.22897
-0.46006,0.40090,0.22897
-0.46006,0.40090,0.22897
-0.46006,0.40090,0.22897
-0.45990,0.40342,0.22878
-0.45990,0.40342,0.22878
-0.45990,0.40342,0.22878
-0.45990,0.40342,0.22878
-0.45990,0.40342,0.22878
-0.45975,0.40590,0.22867
-0.45975,0.40590,0.22867
-0.45975,0.40590,0.22867
-0.45975,0.40590,0.22867
-0.45975,0.40590,0.22867
-0.45954,0.40819,0.22852
-0.45954,0.40819,0.22852
-0.45954,0.40819,0.22852
-0.45954,0.40819,0.22852
-0.45954,0.40819,0.22852
-0.45937,0.41033,0.22845
-0.45937,0.41033,0.22845
-0.45937,0.41033,0.22845
-0.45937,0.41033,0.22845
-0.45937,0.41033,0.22845
-0.45922,0.41230,0.22841
-0.45922,0.41230,0.22841
-0.45922,0.41230,0.22841
-0.45922,0.41230,0.22841
-0.45922,0.41230,0.22841
-0.45922,0.41230,0.22841
-0.45909,0.41411,0.22841
-0.45909,0.41411,0.22841
-0.45909,0.41411,0.22841
-0.45909,0.41411,0.22841
-0.45893,0.41572,0.22831
-0.45893,0.41572,0.22831
-0.45893,0.41572,0.22831
-0.45893,0.41572,0.22831
-0.45893,0.41572,0.22831
-0.45882,0.41715,0.22823
-0.45882,0.41715,0.22823
-0.45882,0.41715,0.22823
-0.45882,0.41715,0.22823
-0.45882,0.41715,0.22823
-0.45878,0.41839,0.22815
-0.45878,0.41839,0.22815
-0.45878,0.41839,0.22815
-0.45878,0.41839,0.22815
-0.45878,0.41839,0.22815
-0.45888,0.41945,0.22817
-0.45888,0.41945,0.22817
-0.45888,0.41945,0.22817
-0.45888,0.41945,0.22817
-0.45888,0.41945,0.22817
-0.45904,0.42035,0.22815
-0.45904,0.42035,0.22815
-0.45904,0.42035,0.22815
-0.45904,0.42035,0.22815
-0.45904,0.42035,0.22815
-0.45904,0.42035,0.22815
-0.45934,0.42106,0.22817
-0.45934,0.42106,0.22817
-0.45934,0.42106,0.22817
-0.45934,0.42106,0.22817
-0.45969,0.42169,0.22826
-0.45969,0.42169,0.22826
-0.45969,0.42169,0.22826
-0.45969,0.42169,0.22826
-0.45969,0.42169,0.22826
-0.46011,0.42220,0.22839
-0.46011,0.42220,0.22839
-0.46011,0.42220,0.22839
-0.46011,0.42220,0.22839
-0.46011,0.42220,0.22839
-0.46050,0.42265,0.22853
-0.46050,0.42265,0.22853
-0.46050,0.42265,0.22853
-0.46050,0.42265,0.22853
-0.46050,0.42265,0.22853
-0.46091,0.42305,0.22874
-0.46091,0.42305,0.22874
-0.46091,0.42305,0.22874
-0.46091,0.42305,0.22874
-0.46091,0.42305,0.22874
-0.46091,0.42305,0.22874
-0.46126,0.42335,0.22889
-0.46126,0.42335,0.22889
-0.46126,0.42335,0.22889
-0.46126,0.42335,0.22889
-0.46126,0.42335,0.22889
-0.46150,0.42361,0.22904
-0.46150,0.42361,0.22904
-0.46150,0.42361,0.22904
-0.46150,0.42361,0.22904
-0.46163,0.42380,0.22915
-0.46163,0.42380,0.22915
-0.46163,0.42380,0.22915
-0.46163,0.42380,0.22915
-0.46163,0.42380,0.22915
-0.46160,0.42395,0.22919
-0.46160,0.42395,0.22919
-0.46160,0.42395,0.22919
-0.46160,0.42395,0.22919
-0.46160,0.42395,0.22919
-0.46144,0.42404,0.22922
-0.46144,0.42404,0.22922
-0.46144,0.42404,0.22922
-0.46144,0.42404,0.22922
-0.46144,0.42404,0.22922
-0.46123,0.42411,0.22922
-0.46123,0.42411,0.22922
-0.46123,0.42411,0.22922
-0.46123,0.42411,0.22922
-0.46123,0.42411,0.22922
-0.46100,0.42416,0.22920
-0.46100,0.42416,0.22920
-0.46100,0.42416,0.22920
-0.46100,0.42416,0.22920
-0.46100,0.42416,0.22920
-0.46100,0.42416,0.22920
-0.46081,0.42423,0.22919
-0.46081,0.42423,0.22919
-0.46081,0.42423,0.22919
-0.46081,0.42423,0.22919
-0.46069,0.42434,0.22922
-0.46069,0.42434,0.22922
-0.46069,0.42434,0.22922
-0.46069,0.42434,0.22922
-0.46069,0.42434,0.22922
-0.46061,0.42446,0.22928
-0.46061,0.42446,0.22928
-0.46061,0.42446,0.22928
-0.46061,0.42446,0.22928
-0.46061,0.42446,0.22928
-0.46056,0.42459,0.22932
-0.46056,0.42459,0.22932
-0.46056,0.42459,0.22932
-0.46056,0.42459,0.22932
-0.46056,0.42459,0.22932
-0.46051,0.42467,0.22938
-0.46051,0.42467,0.22938
-0.46051,0.42467,0.22938
-0.46051,0.42467,0.22938
-0.46051,0.42467,0.22938
-0.46049,0.42470,0.22943
-0.46049,0.42470,0.22943
-0.46049,0.42470,0.22943
-0.46049,0.42470,0.22943
-0.46049,0.42470,0.22943
-0.46049,0.42470,0.22943
-0.46049,0.42470,0.22948
-0.46049,0.42470,0.22948
-0.46049,0.42470,0.22948
-0.46049,0.42470,0.22948
-0.46051,0.42470,0.22952
-0.46051,0.42470,0.22952
-0.46051,0.42470,0.22952
-0.46051,0.42470,0.22952
-0.46051,0.42470,0.22952
-0.46052,0.42469,0.22955
-0.46052,0.42469,0.22955
-0.46052,0.42469,0.22955
-0.46052,0.42469,0.22955
-0.46052,0.42469,0.22955
-0.46053,0.42469,0.22959
-0.46053,0.42469,0.22959
-0.46053,0.42469,0.22959
-0.46053,0.42469,0.22959
-0.46053,0.42469,0.22959
-0.46054,0.42467,0.22962
-0.46054,0.42467,0.22962
-0.46054,0.42467,0.22962
-0.46054,0.42467,0.22962
-0.46054,0.42467,0.22962
-0.46057,0.42465,0.22963
-0.46057,0.42465,0.22963
-0.46057,0.42465,0.22963
-0.46057,0.42465,0.22963
-0.46057,0.42465,0.22963
-0.46057,0.42465,0.22963
-0.46060,0.42462,0.22964
-0.46060,0.42462,0.22964
-0.46060,0.42462,0.22964
-0.46060,0.42462,0.22964
-0.46062,0.42460,0.22964
-0.46062,0.42460,0.22964
-0.46062,0.42460,0.22964
-0.46062,0.42460,0.22964
-0.46062,0.42460,0.22964
-0.46063,0.42459,0.22964
-0.46063,0.42459,0.22964
-0.46063,0.42459,0.22964
-0.46063,0.42459,0.22964
-0.46063,0.42459,0.22964
-0.46063,0.42458,0.22963
-0.46063,0.42458,0.22963
-0.46063,0.42458,0.22963
-0.46063,0.42458,0.22963
-0.46063,0.42458,0.22963
-0.46063,0.42458,0.22962
