-0.46052,-0.42516,0.22962
-0.46052,-0.42516,0.22962
-0.46052,-0.42516,0.22962
-0.46052,-0.42516,0.22962
-0.46052,-0.42516,0.22962
-0.46052,-0.42516,0.22962
-0.46052,-0.42516,0.22962
-0.46052,-0.42516,0.22962
-0.46052,-0.42516,0.22962
-0.46052,-0.42516,0.22962
-0.46052,-0.42516,0.22962
-0.46052,-0.42516,0.22962
-0.46052,-0.42516,0.22962
-0.46052,-0.42516,0.22962
-0.46052,-0.42516,0.22962
-0.46052,-0.42516,0.22962
-0.46052,-0.42516,0.22962
-0.46052,-0.42516,0.22962
-0.46052,-0.42516,0.22962
-0.46052,-0.42516,0.22962
-0.46052,-0.42516,0.22962
-0.46052,-0.42516,0.22962
-0.46052,-0.42516,0.22962
-0.46052,-0.42516,0.22962
-0.46052,-0.42516,0.22962
-0.46052,-0.42516,0.22962
-0.46052,-0.42516,0.22962
-0.46052,-0.42516,0.22962
-0.46052,-0.42516,0.22962
-0.46052,-0.42516,0.22962
-0.46052,-0.42516,0.22962
-0.46052,-0.42516,0.22962
-0.46052,-0.42516,0.22962
-0.46079,-0.42469,0.22952
-0.46079,-0.42469,0.22952
-0.46079,-0.42469,0.22952
-0.46079,-0.42469,0.22952
-0.46079,-0.42469,0.22952
-0.46134,-0.42362,0.22934
-0.46134,-0.42362,0.22934
-0.46134,-0.42362,0.22934
-0.46134,-0.42362,0.22934
-0.46134,-0.42362,0.22934
-0.46134,-0.42362,0.22934
-0.46162,-0.42237,0.22904
-0.46162,-0.42237,0.22904
-0.46162,-0.42237,0.22904
-0.46162,-0.42237,0.22904
-0.46185,-0.42079,0.22859
-0.46185,-0.42079,0.22859
-0.46185,-0.42079,0.22859
-0.46185,-0.42079,0.22859
-0.46185,-0.42079,0.22859
-0.46225,-0.41872,0.22810
-0.46225,-0.41872,0.22810
-0.46225,-0.41872,0.22810
-0.46225,-0.41872,0.22810
-0.46225,-0.41872,0.22810
-0.46293,-0.41623,0.22762
-0.46293,-0.41623,0.22762
-0.46293,-0.41623,0.22762
-0.46293,-0.41623,0.22762
-0.46293,-0.41623,0.22762
-0.46372,-0.41365,0.22714
-0.46372,-0.41365,0.22714
-0.46372,-0.41365,0.22714
-0.46372,-0.41365,0.22714
-0.46372,-0.41365,0.22714
-0.46455,-0.41109,0.22672
-0.46455,-0.41109,0.22672
-0.46455,-0.41109,0.22672
-0.46455,-0.41109,0.22672
-0.46455,-0.41109,0.22672
-0.46455,-0.41109,0.22672
-0.46537,-0.40871,0.22638
-0.46537,-0.40871,0.22638
-0.46537,-0.40871,0.22638
-0.46537,-0.40871,0.22638
-0.46626,-0.40635,0.22609
-0.46626,-0.40635,0.22609
-0.46626,-0.40635,0.22609
-0.46626,-0.40635,0.22609
-0.46626,-0.40635,0.22609
-0.46722,-0.40391,0.22591
-0.46722,-0.40391,0.22591
-0.46722,-0.40391,0.22591
-0.46722,-0.40391,0.22591
-0.46722,-0.40391,0.22591
-0.46812,-0.40155,0.22586
-0.46812,-0.40155,0.22586
-0.46812,-0.40155,0.22586
-0.46812,-0.40155,0.22586
-0.46812,-0.40155,0.22586
-0.46896,-0.39927,0.22596
-0.46896,-0.39927,0.22596
-0.46896,-0.39927,0.22596
-0.46896,-0.39927,0.22596
-0.46896,-0.39927,0.22596
-0.46969,-0.39707,0.22606
-0.46969,-0.39707,0.22606
-0.46969,-0.39707,0.22606
-0.46969,-0.39707,0.22606
-0.46969,-0.39707,0.22606
-0.46969,-0.39707,0.22606
-0.47032,-0.39496,0.22615
-0.47032,-0.39496,0.22615
-0.47032,-0.39496,0.22615
-0.47032,-0.39496,0.22615
-0.47093,-0.39283,0.22631
-0.47093,-0.39283,0.22631
-0.47093,-0.39283,0.22631
-0.47093,-0.39283,0.22631
-0.47093,-0.39283,0.22631
-0.47139,-0.39079,0.22641
-0.47139,-0.39079,0.22641
-0.47139,-0.39079,0.22641
-0.47139,-0.39079,0.22641
-0.47139,-0.39079,0.22641
-0.47175,-0.38880,0.22649
-0.47175,-0.38880,0.22649
-0.47175,-0.38880,0.22649
-0.47175,-0.38880,0.22649
-0.47175,-0.38880,0.22649
-0.47210,-0.38683,0.22657
-0.47210,-0.38683,0.22657
-0.47210,-0.38683,0.22657
-0.47210,-0.38683,0.22657
-0.47210,-0.38683,0.22657
-0.47246,-0.38474,0.22666
-0.47246,-0.38474,0.22666
-0.47246,-0.38474,0.22666
-0.47246,-0.38474,0.22666
-0.47246,-0.38474,0.22666
-0.47246,-0.38474,0.22666
-0.47285,-0.38262,0.22677
-0.47285,-0.38262,0.22677
-0.47285,-0.38262,0.22677
-0.47285,-0.38262,0.22677
-0.47317,-0.38044,0.22683
-0.47317,-0.38044,0.22683
-0.47317,-0.38044,0.22683
-0.47317,-0.38044,0.22683
-0.47317,-0.38044,0.22683
-0.47346,-0.37822,0.22690
-0.47346,-0.37822,0.22690
-0.47346,-0.37822,0.22690
-0.47346,-0.37822,0.22690
-0.47346,-0.37822,0.22690
-0.47378,-0.37600,0.22711
-0.47378,-0.37600,0.22711
-0.47378,-0.37600,0.22711
-0.47378,-0.37600,0.22711
-0.47378,-0.37600,0.22711
-0.47409,-0.37374,0.22728
-0.47409,-0.37374,0.22728
-0.47409,-0.37374,0.22728
-0.47409,-0.37374,0.22728
-0.47409,-0.37374,0.22728
-0.47440,-0.37154,0.22748
-0.47440,-0.37154,0.22748
-0.47440,-0.37154,0.22748
-0.47440,-0.37154,0.22748
-0.47440,-0.37154,0.22748
-0.47440,-0.37154,0.22748
-0.47472,-0.36930,0.22759
-0.47472,-0.36930,0.22759
-0.47472,-0.36930,0.22759
-0.47472,-0.36930,0.22759
-0.47510,-0.36698,0.22770
-0.47510,-0.36698,0.22770
-0.47510,-0.36698,0.22770
-0.47510,-0.36698,0.22770
-0.47510,-0.36698,0.22770
-0.47560,-0.36468,0.22790
-0.47560,-0.36468,0.22790
-0.47560,-0.36468,0.22790
-0.47560,-0.36468,0.22790
-0.47560,-0.36468,0.22790
-0.47601,-0.36245,0.22808
-0.47601,-0.36245,0.22808
-0.47601,-0.36245,0.22808
-0.47601,-0.36245,0.22808
-0.47601,-0.36245,0.22808
-0.47640,-0.36028,0.22834
-0.47640,-0.36028,0.22834
-0.47640,-0.36028,0.22834
-0.47640,-0.36028,0.22834
-0.47640,-0.36028,0.22834
-0.47671,-0.35812,0.22856
-0.47671,-0.35812,0.22856
-0.47671,-0.35812,0.22856
-0.47671,-0.35812,0.22856
-0.47671,-0.35812,0.22856
-0.47671,-0.35812,0.22856
-0.47703,-0.35590,0.22883
-0.47703,-0.35590,0.22883
-0.47703,-0.35590,0.22883
-0.47703,-0.35590,0.22883
-0.47741,-0.35360,0.22913
-0.47741,-0.35360,0.22913
-0.47741,-0.35360,0.22913
-0.47741,-0.35360,0.22913
-0.47741,-0.35360,0.22913
-0.47779,-0.35120,0.22937
-0.47779,-0.35120,0.22937
-0.47779,-0.35120,0.22937
-0.47779,-0.35120,0.22937
-0.47779,-0.35120,0.22937
-0.47817,-0.34885,0.22962
-0.47817,-0.34885,0.22962
-0.47817,-0.34885,0.22962
-0.47817,-0.34885,0.22962
-0.47817,-0.34885,0.22962
-0.47846,-0.34652,0.22980
-0.47846,-0.34652,0.22980
-0.47846,-0.34652,0.22980
-0.47846,-0.34652,0.22980
-0.47846,-0.34652,0.22980
-0.47869,-0.34420,0.22998
-0.47869,-0.34420,0.22998
-0.47869,-0.34420,0.22998
-0.47869,-0.34420,0.22998
-0.47869,-0.34420,0.22998
-0.47869,-0.34420,0.22998
-0.47897,-0.34189,0.23024
-0.47897,-0.34189,0.23024
-0.47897,-0.34189,0.23024
-0.47897,-0.34189,0.23024
-0.47929,-0.33951,0.23049
-0.47929,-0.33951,0.23049
-0.47929,-0.33951,0.23049
-0.47929,-0.33951,0.23049
-0.47929,-0.33951,0.23049
-0.47971,-0.33707,0.23081
-0.47971,-0.33707,0.23081
-0.47971,-0.33707,0.23081
-0.47971,-0.33707,0.23081
-0.47971,-0.33707,0.23081
-0.48009,-0.33459,0.23111
-0.48009,-0.33459,0.23111
-0.48009,-0.33459,0.23111
-0.48009,-0.33459,0.23111
-0.48009,-0.33459,0.23111
-0.48045,-0.33215,0.23137
-0.48045,-0.33215,0.23137
-0.48045,-0.33215,0.23137
-0.48045,-0.33215,0.23137
-0.48045,-0.33215,0.23137
-0.48082,-0.32976,0.23166
-0.48082,-0.32976,0.23166
-0.48082,-0.32976,0.23166
-0.48082,-0.32976,0.23166
-0.48082,-0.32976,0.23166
-0.48082,-0.32976,0.23166
-0.48118,-0.32733,0.23193
-0.48118,-0.32733,0.23193
-0.48118,-0.32733,0.23193
-0.48118,-0.32733,0.23193
-0.48161,-0.32483,0.23222
-0.48161,-0.32483,0.23222
-0.48161,-0.32483,0.23222
-0.48161,-0.32483,0.23222
-0.48161,-0.32483,0.23222
-0.48202,-0.32228,0.23249
-0.48202,-0.32228,0.23249
-0.48202,-0.32228,0.23249
-0.48202,-0.32228,0.23249
-0.48202,-0.32228,0.23249
-0.48233,-0.31979,0.23276
-0.48233,-0.31979,0.23276
-0.48233,-0.31979,0.23276
-0.48233,-0.31979,0.23276
-0.48233,-0.31979,0.23276
-0.48266,-0.31740,0.23314
-0.48266,-0.31740,0.23314
-0.48266,-0.31740,0.23314
-0.48266,-0.31740,0.23314
-0.48266,-0.31740,0.23314
-0.48297,-0.31496,0.23353
-0.48297,-0.31496,0.23353
-0.48297,-0.31496,0.23353
-0.48297,-0.31496,0.23353
-0.48297,-0.31496,0.23353
-0.48297,-0.31496,0.23353
-0.48333,-0.31238,0.23388
-0.48333,-0.31238,0.23388
-0.48333,-0.31238,0.23388
-0.48333,-0.31238,0.23388
-0.48369,-0.30972,0.23416
-0.48369,-0.30972,0.23416
-0.48369,-0.30972,0.23416
-0.48369,-0.30972,0.23416
-0.48369,-0.30972,0.23416
-0.48400,-0.30715,0.23445
-0.48400,-0.30715,0.23445
-0.48400,-0.30715,0.23445
-0.48400,-0.30715,0.23445
-0.48400,-0.30715,0.23445
-0.48429,-0.30472,0.23482
-0.48429,-0.30472,0.23482
-0.48429,-0.30472,0.23482
-0.48429,-0.30472,0.23482
-0.48429,-0.30472,0.23482
-0.48460,-0.30226,0.23517
-0.48460,-0.30226,0.23517
-0.48460,-0.30226,0.23517
-0.48460,-0.30226,0.23517
-0.48460,-0.30226,0.23517
-0.48498,-0.29969,0.23556
-0.48498,-0.29969,0.23556
-0.48498,-0.29969,0.23556
-0.48498,-0.29969,0.23556
-0.48498,-0.29969,0.23556
-0.48498,-0.29969,0.23556
-0.48541,-0.29712,0.23601
-0.48541,-0.29712,0.23601
-0.48541,-0.29712,0.23601
-0.48541,-0.29712,0.23601
-0.48575,-0.29460,0.23641
-0.48575,-0.29460,0.23641
-0.48575,-0.29460,0.23641
-0.48575,-0.29460,0.23641
-0.48575,-0.29460,0.23641
-0.48609,-0.29218,0.23683
-0.48609,-0.29218,0.23683
-0.48609,-0.29218,0.23683
-0.48609,-0.29218,0.23683
-0.48609,-0.29218,0.23683
-0.48642,-0.28972,0.23724
-0.48642,-0.28972,0.23724
-0.48642,-0.28972,0.23724
-0.48642,-0.28972,0.23724
-0.48642,-0.28972,0.23724
-0.48677,-0.28712,0.23762
-0.48677,-0.28712,0.23762
-0.48677,-0.28712,0.23762
-0.48677,-0.28712,0.23762
-0.48677,-0.28712,0.23762
-0.48713,-0.28448,0.23801
-0.48713,-0.28448,0.23801
-0.48713,-0.28448,0.23801
-0.48713,-0.28448,0.23801
-0.48713,-0.28448,0.23801
-0.48713,-0.28448,0.23801
-0.48738,-0.28192,0.23838
-0.48738,-0.28192,0.23838
-0.48738,-0.28192,0.23838
-0.48738,-0.28192,0.23838
-0.48759,-0.27946,0.23883
-0.48759,-0.27946,0.23883
-0.48759,-0.27946,0.23883
-0.48759,-0.27946,0.23883
-0.48759,-0.27946,0.23883
-0.48780,-0.27692,0.23931
-0.48780,-0.27692,0.23931
-0.48780,-0.27692,0.23931
-0.48780,-0.27692,0.23931
-0.48780,-0.27692,0.23931
-0.48809,-0.27430,0.23982
-0.48809,-0.27430,0.23982
-0.48809,-0.27430,0.23982
-0.48809,-0.27430,0.23982
-0.48809,-0.27430,0.23982
-0.48835,-0.27168,0.24025
-0.48835,-0.27168,0.24025
-0.48835,-0.27168,0.24025
-0.48835,-0.27168,0.24025
-0.48835,-0.27168,0.24025
-0.48857,-0.26917,0.24068
-0.48857,-0.26917,0.24068
-0.48857,-0.26917,0.24068
-0.48857,-0.26917,0.24068
-0.48857,-0.26917,0.24068
-0.48857,-0.26917,0.24068
-0.48880,-0.26672,0.24116
-0.48880,-0.26672,0.24116
-0.48880,-0.26672,0.24116
-0.48880,-0.26672,0.24116
-0.48909,-0.26420,0.24166
-0.48909,-0.26420,0.24166
-0.48909,-0.26420,0.24166
-0.48909,-0.26420,0.24166
-0.48909,-0.26420,0.24166
-0.48945,-0.26163,0.24224
-0.48945,-0.26163,0.24224
-0.48945,-0.26163,0.24224
-0.48945,-0.26163,0.24224
-0.48945,-0.26163,0.24224
-0.48979,-0.25909,0.24285
-0.48979,-0.25909,0.24285
-0.48979,-0.25909,0.24285
-0.48979,-0.25909,0.24285
-0.48979,-0.25909,0.24285
-0.49007,-0.25666,0.24346
-0.49007,-0.25666,0.24346
-0.49007,-0.25666,0.24346
-0.49007,-0.25666,0.24346
-0.49007,-0.25666,0.24346
-0.49035,-0.25424,0.24405
-0.49035,-0.25424,0.24405
-0.49035,-0.25424,0.24405
-0.49035,-0.25424,0.24405
-0.49035,-0.25424,0.24405
-0.49065,-0.25170,0.24459
-0.49065,-0.25170,0.24459
-0.49065,-0.25170,0.24459
-0.49065,-0.25170,0.24459
-0.49065,-0.25170,0.24459
-0.49094,-0.24912,0.24517
-0.49094,-0.24912,0.24517
-0.49094,-0.24912,0.24517
-0.49094,-0.24912,0.24517
-0.49094,-0.24912,0.24517
-0.49121,-0.24661,0.24579
-0.49121,-0.24661,0.24579
-0.49121,-0.24661,0.24579
-0.49121,-0.24661,0.24579
-0.49121,-0.24661,0.24579
-0.49140,-0.24419,0.24637
-0.49140,-0.24419,0.24637
-0.49140,-0.24419,0.24637
-0.49140,-0.24419,0.24637
-0.49140,-0.24419,0.24637
-0.49163,-0.24174,0.24698
-0.49163,-0.24174,0.24698
-0.49163,-0.24174,0.24698
-0.49163,-0.24174,0.24698
-0.49163,-0.24174,0.24698
-0.49192,-0.23922,0.24768
-0.49192,-0.23922,0.24768
-0.49192,-0.23922,0.24768
-0.49192,-0.23922,0.24768
-0.49192,-0.23922,0.24768
-0.49192,-0.23922,0.24768
-0.49217,-0.23667,0.24833
-0.49217,-0.23667,0.24833
-0.49217,-0.23667,0.24833
-0.49217,-0.23667,0.24833
-0.49236,-0.23421,0.24897
-0.49236,-0.23421,0.24897
-0.49236,-0.23421,0.24897
-0.49236,-0.23421,0.24897
-0.49236,-0.23421,0.24897
-0.49252,-0.23180,0.24964
-0.49252,-0.23180,0.24964
-0.49252,-0.23180,0.24964
-0.49252,-0.23180,0.24964
-0.49252,-0.23180,0.24964
-0.49271,-0.22932,0.25031
-0.49271,-0.22932,0.25031
-0.49271,-0.22932,0.25031
-0.49271,-0.22932,0.25031
-0.49271,-0.22932,0.25031
-0.49294,-0.22678,0.25103
-0.49294,-0.22678,0.25103
-0.49294,-0.22678,0.25103
-0.49294,-0.22678,0.25103
-0.49294,-0.22678,0.25103
-0.49312,-0.22427,0.25177
-0.49312,-0.22427,0.25177
-0.49312,-0.22427,0.25177
-0.49312,-0.22427,0.25177
-0.49312,-0.22427,0.25177
-0.49312,-0.22427,0.25177
-0.49327,-0.22188,0.25257
-0.49327,-0.22188,0.25257
-0.49327,-0.22188,0.25257
-0.49327,-0.22188,0.25257
-0.49346,-0.21953,0.25344
-0.49346,-0.21953,0.25344
-0.49346,-0.21953,0.25344
-0.49346,-0.21953,0.25344
-0.49346,-0.21953,0.25344
-0.49367,-0.21705,0.25422
-0.49367,-0.21705,0.25422
-0.49367,-0.21705,0.25422
-0.49367,-0.21705,0.25422
-0.49367,-0.21705,0.25422
-0.49391,-0.21457,0.25504
-0.49391,-0.21457,0.25504
-0.49391,-0.21457,0.25504
-0.49391,-0.21457,0.25504
-0.49391,-0.21457,0.25504
-0.49413,-0.21218,0.25592
-0.49413,-0.21218,0.25592
-0.49413,-0.21218,0.25592
-0.49413,-0.21218,0.25592
-0.49413,-0.21218,0.25592
-0.49432,-0.20988,0.25683
-0.49432,-0.20988,0.25683
-0.49432,-0.20988,0.25683
-0.49432,-0.20988,0.25683
-0.49432,-0.20988,0.25683
-0.49432,-0.20988,0.25683
-0.49450,-0.20753,0.25775
-0.49450,-0.20753,0.25775
-0.49450,-0.20753,0.25775
-0.49450,-0.20753,0.25775
-0.49475,-0.20512,0.25877
-0.49475,-0.20512,0.25877
-0.49475,-0.20512,0.25877
-0.49475,-0.20512,0.25877
-0.49475,-0.20512,0.25877
-0.49498,-0.20271,0.25979
-0.49498,-0.20271,0.25979
-0.49498,-0.20271,0.25979
-0.49498,-0.20271,0.25979
-0.49498,-0.20271,0.25979
-0.49513,-0.20039,0.26074
-0.49513,-0.20039,0.26074
-0.49513,-0.20039,0.26074
-0.49513,-0.20039,0.26074
-0.49513,-0.20039,0.26074
-0.49531,-0.19815,0.26174
-0.49531,-0.19815,0.26174
-0.49531,-0.19815,0.26174
-0.49531,-0.19815,0.26174
-0.49531,-0.19815,0.26174
-0.49550,-0.19582,0.26276
-0.49550,-0.19582,0.26276
-0.49550,-0.19582,0.26276
-0.49550,-0.19582,0.26276
-0.49550,-0.19582,0.26276
-0.49550,-0.19582,0.26276
-0.49571,-0.19344,0.26385
-0.49571,-0.19344,0.26385
-0.49571,-0.19344,0.26385
-0.49571,-0.19344,0.26385
-0.49592,-0.19112,0.26503
-0.49592,-0.19112,0.26503
-0.49592,-0.19112,0.26503
-0.49592,-0.19112,0.26503
-0.49592,-0.19112,0.26503
-0.49602,-0.18887,0.26616
-0.49602,-0.18887,0.26616
-0.49602,-0.18887,0.26616
-0.49602,-0.18887,0.26616
-0.49602,-0.18887,0.26616
-0.49612,-0.18666,0.26725
-0.49612,-0.18666,0.26725
-0.49612,-0.18666,0.26725
-0.49612,-0.18666,0.26725
-0.49612,-0.18666,0.26725
-0.49625,-0.18434,0.26835
-0.49625,-0.18434,0.26835
-0.49625,-0.18434,0.26835
-0.49625,-0.18434,0.26835
-0.49625,-0.18434,0.26835
-0.49639,-0.18201,0.26950
-0.49639,-0.18201,0.26950
-0.49639,-0.18201,0.26950
-0.49639,-0.18201,0.26950
-0.49639,-0.18201,0.26950
-0.49639,-0.18201,0.26950
-0.49654,-0.17977,0.27075
-0.49654,-0.17977,0.27075
-0.49654,-0.17977,0.27075
-0.49654,-0.17977,0.27075
-0.49663,-0.17765,0.27206
-0.49663,-0.17765,0.27206
-0.49663,-0.17765,0.27206
-0.49663,-0.17765,0.27206
-0.49663,-0.17765,0.27206
-0.49674,-0.17549,0.27337
-0.49674,-0.17549,0.27337
-0.49674,-0.17549,0.27337
-0.49674,-0.17549,0.27337
-0.49674,-0.17549,0.27337
-0.49687,-0.17324,0.27463
-0.49687,-0.17324,0.27463
-0.49687,-0.17324,0.27463
-0.49687,-0.17324,0.27463
-0.49687,-0.17324,0.27463
-0.49698,-0.17099,0.27592
-0.49698,-0.17099,0.27592
-0.49698,-0.17099,0.27592
-0.49698,-0.17099,0.27592
-0.49698,-0.17099,0.27592
-0.49707,-0.16885,0.27729
-0.49707,-0.16885,0.27729
-0.49707,-0.16885,0.27729
-0.49707,-0.16885,0.27729
-0.49707,-0.16885,0.27729
-0.49707,-0.16885,0.27729
-0.49712,-0.16706,0.27889
-0.49712,-0.16706,0.27889
-0.49712,-0.16706,0.27889
-0.49712,-0.16706,0.27889
-0.49717,-0.16544,0.28058
-0.49717,-0.16544,0.28058
-0.49717,-0.16544,0.28058
-0.49717,-0.16544,0.28058
-0.49717,-0.16544,0.28058
-0.49741,-0.16373,0.28229
-0.49741,-0.16373,0.28229
-0.49741,-0.16373,0.28229
-0.49741,-0.16373,0.28229
-0.49741,-0.16373,0.28229
-0.49767,-0.16219,0.28417
-0.49767,-0.16219,0.28417
-0.49767,-0.16219,0.28417
-0.49767,-0.16219,0.28417
-0.49767,-0.16219,0.28417
-0.49787,-0.16093,0.28632
-0.49787,-0.16093,0.28632
-0.49787,-0.16093,0.28632
-0.49787,-0.16093,0.28632
-0.49787,-0.16093,0.28632
-0.49803,-0.16002,0.28868
-0.49803,-0.16002,0.28868
-0.49803,-0.16002,0.28868
-0.49803,-0.16002,0.28868
-0.49803,-0.16002,0.28868
-0.49803,-0.16002,0.28868
-0.49819,-0.15902,0.29096
-0.49819,-0.15902,0.29096
-0.49819,-0.15902,0.29096
-0.49819,-0.15902,0.29096
-0.49837,-0.15783,0.29323
-0.49837,-0.15783,0.29323
-0.49837,-0.15783,0.29323
-0.49837,-0.15783,0.29323
-0.49837,-0.15783,0.29323
-0.49848,-0.15663,0.29562
-0.49848,-0.15663,0.29562
-0.49848,-0.15663,0.29562
-0.49848,-0.15663,0.29562
-0.49848,-0.15663,0.29562
-0.49844,-0.15557,0.29811
-0.49844,-0.15557,0.29811
-0.49844,-0.15557,0.29811
-0.49844,-0.15557,0.29811
-0.49844,-0.15557,0.29811
-0.49828,-0.15450,0.30049
-0.49828,-0.15450,0.30049
-0.49828,-0.15450,0.30049
-0.49828,-0.15450,0.30049
-0.49828,-0.15450,0.30049
-0.49803,-0.15336,0.30271
-0.49803,-0.15336,0.30271
-0.49803,-0.15336,0.30271
-0.49803,-0.15336,0.30271
-0.49803,-0.15336,0.30271
-0.49803,-0.15336,0.30271
-0.49774,-0.15208,0.30499
-0.49774,-0.15208,0.30499
-0.49774,-0.15208,0.30499
-0.49774,-0.15208,0.30499
-0.49747,-0.15074,0.30743
-0.49747,-0.15074,0.30743
-0.49747,-0.15074,0.30743
-0.49747,-0.15074,0.30743
-0.49747,-0.15074,0.30743
-0.49721,-0.14935,0.30978
-0.49721,-0.14935,0.30978
-0.49721,-0.14935,0.30978
-0.49721,-0.14935,0.30978
-0.49721,-0.14935,0.30978
-0.49698,-0.14790,0.31196
-0.49698,-0.14790,0.31196
-0.49698,-0.14790,0.31196
-0.49698,-0.14790,0.31196
-0.49698,-0.14790,0.31196
-0.49681,-0.14644,0.31429
-0.49681,-0.14644,0.31429
-0.49681,-0.14644,0.31429
-0.49681,-0.14644,0.31429
-0.49681,-0.14644,0.31429
-0.49671,-0.14503,0.31681
-0.49671,-0.14503,0.31681
-0.49671,-0.14503,0.31681
-0.49671,-0.14503,0.31681
-0.49671,-0.14503,0.31681
-0.49671,-0.14503,0.31681
-0.49667,-0.14363,0.31920
-0.49667,-0.14363,0.31920
-0.49667,-0.14363,0.31920
-0.49667,-0.14363,0.31920
-0.49664,-0.14229,0.32145
-0.49664,-0.14229,0.32145
-0.49664,-0.14229,0.32145
-0.49664,-0.14229,0.32145
-0.49664,-0.14229,0.32145
-0.49664,-0.14097,0.32384
-0.49664,-0.14097,0.32384
-0.49664,-0.14097,0.32384
-0.49664,-0.14097,0.32384
-0.49664,-0.14097,0.32384
-0.49664,-0.13966,0.32638
-0.49664,-0.13966,0.32638
-0.49664,-0.13966,0.32638
-0.49664,-0.13966,0.32638
-0.49664,-0.13966,0.32638
-0.49660,-0.13827,0.32871
-0.49660,-0.13827,0.32871
-0.49660,-0.13827,0.32871
-0.49660,-0.13827,0.32871
-0.49660,-0.13827,0.32871
-0.49652,-0.13677,0.33088
-0.49652,-0.13677,0.33088
-0.49652,-0.13677,0.33088
-0.49652,-0.13677,0.33088
-0.49652,-0.13677,0.33088
-0.49640,-0.13523,0.33314
-0.49640,-0.13523,0.33314
-0.49640,-0.13523,0.33314
-0.49640,-0.13523,0.33314
-0.49640,-0.13523,0.33314
-0.49623,-0.13368,0.33550
-0.49623,-0.13368,0.33550
-0.49623,-0.13368,0.33550
-0.49623,-0.13368,0.33550
-0.49623,-0.13368,0.33550
-0.49602,-0.13208,0.33769
-0.49602,-0.13208,0.33769
-0.49602,-0.13208,0.33769
-0.49602,-0.13208,0.33769
-0.49602,-0.13208,0.33769
-0.49578,-0.13046,0.33969
-0.49578,-0.13046,0.33969
-0.49578,-0.13046,0.33969
-0.49578,-0.13046,0.33969
-0.49578,-0.13046,0.33969
-0.49553,-0.12879,0.34177
-0.49553,-0.12879,0.34177
-0.49553,-0.12879,0.34177
-0.49553,-0.12879,0.34177
-0.49553,-0.12879,0.34177
-0.49531,-0.12711,0.34398
-0.49531,-0.12711,0.34398
-0.49531,-0.12711,0.34398
-0.49531,-0.12711,0.34398
-0.49531,-0.12711,0.34398
-0.49531,-0.12711,0.34398
-0.49512,-0.12537,0.34610
-0.49512,-0.12537,0.34610
-0.49512,-0.12537,0.34610
-0.49512,-0.12537,0.34610
-0.49500,-0.12360,0.34810
-0.49500,-0.12360,0.34810
-0.49500,-0.12360,0.34810
-0.49500,-0.12360,0.34810
-0.49500,-0.12360,0.34810
-0.49491,-0.12183,0.35013
-0.49491,-0.12183,0.35013
-0.49491,-0.12183,0.35013
-0.49491,-0.12183,0.35013
-0.49491,-0.12183,0.35013
-0.49484,-0.12008,0.35228
-0.49484,-0.12008,0.35228
-0.49484,-0.12008,0.35228
-0.49484,-0.12008,0.35228
-0.49484,-0.12008,0.35228
-0.49479,-0.11835,0.35446
-0.49479,-0.11835,0.35446
-0.49479,-0.11835,0.35446
-0.49479,-0.11835,0.35446
-0.49479,-0.11835,0.35446
-0.49474,-0.11658,0.35650
-0.49474,-0.11658,0.35650
-0.49474,-0.11658,0.35650
-0.49474,-0.11658,0.35650
-0.49474,-0.11658,0.35650
-0.49474,-0.11658,0.35650
-0.49471,-0.11475,0.35845
-0.49471,-0.11475,0.35845
-0.49471,-0.11475,0.35845
-0.49471,-0.11475,0.35845
-0.49468,-0.11284,0.36043
-0.49468,-0.11284,0.36043
-0.49468,-0.11284,0.36043
-0.49468,-0.11284,0.36043
-0.49468,-0.11284,0.36043
-0.49463,-0.11092,0.36246
-0.49463,-0.11092,0.36246
-0.49463,-0.11092,0.36246
-0.49463,-0.11092,0.36246
-0.49463,-0.11092,0.36246
-0.49456,-0.10902,0.36445
-0.49456,-0.10902,0.36445
-0.49456,-0.10902,0.36445
-0.49456,-0.10902,0.36445
-0.49456,-0.10902,0.36445
-0.49445,-0.10713,0.36629
-0.49445,-0.10713,0.36629
-0.49445,-0.10713,0.36629
-0.49445,-0.10713,0.36629
-0.49445,-0.10713,0.36629
-0.49433,-0.10520,0.36806
-0.49433,-0.10520,0.36806
-0.49433,-0.10520,0.36806
-0.49433,-0.10520,0.36806
-0.49433,-0.10520,0.36806
-0.49433,-0.10520,0.36806
-0.49421,-0.10315,0.36985
-0.49421,-0.10315,0.36985
-0.49421,-0.10315,0.36985
-0.49421,-0.10315,0.36985
-0.49410,-0.10102,0.37165
-0.49410,-0.10102,0.37165
-0.49410,-0.10102,0.37165
-0.49410,-0.10102,0.37165
-0.49410,-0.10102,0.37165
-0.49398,-0.09891,0.37347
-0.49398,-0.09891,0.37347
-0.49398,-0.09891,0.37347
-0.49398,-0.09891,0.37347
-0.49398,-0.09891,0.37347
-0.49387,-0.09680,0.37517
-0.49387,-0.09680,0.37517
-0.49387,-0.09680,0.37517
-0.49387,-0.09680,0.37517
-0.49387,-0.09680,0.37517
-0.49378,-0.09471,0.37681
-0.49378,-0.09471,0.37681
-0.49378,-0.09471,0.37681
-0.49378,-0.09471,0.37681
-0.49378,-0.09471,0.37681
-0.49371,-0.09256,0.37843
-0.49371,-0.09256,0.37843
-0.49371,-0.09256,0.37843
-0.49371,-0.09256,0.37843
-0.49371,-0.09256,0.37843
-0.49366,-0.09030,0.38006
-0.49366,-0.09030,0.38006
-0.49366,-0.09030,0.38006
-0.49366,-0.09030,0.38006
-0.49366,-0.09030,0.38006
-0.49361,-0.08808,0.38169
-0.49361,-0.08808,0.38169
-0.49361,-0.08808,0.38169
-0.49361,-0.08808,0.38169
-0.49361,-0.08808,0.38169
-0.49355,-0.08590,0.38330
-0.49355,-0.08590,0.38330
-0.49355,-0.08590,0.38330
-0.49355,-0.08590,0.38330
-0.49355,-0.08590,0.38330
-0.49350,-0.08376,0.38483
-0.49350,-0.08376,0.38483
-0.49350,-0.08376,0.38483
-0.49350,-0.08376,0.38483
-0.49350,-0.08376,0.38483
-0.49345,-0.08154,0.38629
-0.49345,-0.08154,0.38629
-0.49345,-0.08154,0.38629
-0.49345,-0.08154,0.38629
-0.49345,-0.08154,0.38629
-0.49344,-0.07915,0.38771
-0.49344,-0.07915,0.38771
-0.49344,-0.07915,0.38771
-0.49344,-0.07915,0.38771
-0.49344,-0.07915,0.38771
-0.49344,-0.07915,0.38771
-0.49340,-0.07678,0.38910
-0.49340,-0.07678,0.38910
-0.49340,-0.07678,0.38910
-0.49340,-0.07678,0.38910
-0.49333,-0.07451,0.39046
-0.49333,-0.07451,0.39046
-0.49333,-0.07451,0.39046
-0.49333,-0.07451,0.39046
-0.49333,-0.07451,0.39046
-0.49323,-0.07228,0.39184
-0.49323,-0.07228,0.39184
-0.49323,-0.07228,0.39184
-0.49323,-0.07228,0.39184
-0.49323,-0.07228,0.39184
-0.49314,-0.06992,0.39317
-0.49314,-0.06992,0.39317
-0.49314,-0.06992,0.39317
-0.49314,-0.06992,0.39317
-0.49314,-0.06992,0.39317
-0.49307,-0.06744,0.39439
-0.49307,-0.06744,0.39439
-0.49307,-0.06744,0.39439
-0.49307,-0.06744,0.39439
-0.49307,-0.06744,0.39439
-0.49300,-0.06499,0.39558
-0.49300,-0.06499,0.39558
-0.49300,-0.06499,0.39558
-0.49300,-0.06499,0.39558
-0.49300,-0.06499,0.39558
-0.49300,-0.06499,0.39558
-0.49292,-0.06267,0.39670
-0.49292,-0.06267,0.39670
-0.49292,-0.06267,0.39670
-0.49292,-0.06267,0.39670
-0.49285,-0.06032,0.39781
-0.49285,-0.06032,0.39781
-0.49285,-0.06032,0.39781
-0.49285,-0.06032,0.39781
-0.49285,-0.06032,0.39781
-0.49278,-0.05779,0.39886
-0.49278,-0.05779,0.39886
-0.49278,-0.05779,0.39886
-0.49278,-0.05779,0.39886
-0.49278,-0.05779,0.39886
-0.49272,-0.05521,0.39990
-0.49272,-0.05521,0.39990
-0.49272,-0.05521,0.39990
-0.49272,-0.05521,0.39990
-0.49272,-0.05521,0.39990
-0.49263,-0.05274,0.40095
-0.49263,-0.05274,0.40095
-0.49263,-0.05274,0.40095
-0.49263,-0.05274,0.40095
-0.49263,-0.05274,0.40095
-0.49256,-0.05030,0.40197
-0.49256,-0.05030,0.40197
-0.49256,-0.05030,0.40197
-0.49256,-0.05030,0.40197
-0.49256,-0.05030,0.40197
-0.49256,-0.05030,0.40197
-0.49250,-0.04778,0.40289
-0.49250,-0.04778,0.40289
-0.49250,-0.04778,0.40289
-0.49250,-0.04778,0.40289
-0.49248,-0.04518,0.40373
-0.49248,-0.04518,0.40373
-0.49248,-0.04518,0.40373
-0.49248,-0.04518,0.40373
-0.49248,-0.04518,0.40373
-0.49245,-0.04261,0.40455
-0.49245,-0.04261,0.40455
-0.49245,-0.04261,0.40455
-0.49245,-0.04261,0.40455
-0.49245,-0.04261,0.40455
-0.49240,-0.04007,0.40535
-0.49240,-0.04007,0.40535
-0.49240,-0.04007,0.40535
-0.49240,-0.04007,0.40535
-0.49240,-0.04007,0.40535
-0.49238,-0.03747,0.40604
-0.49238,-0.03747,0.40604
-0.49238,-0.03747,0.40604
-0.49238,-0.03747,0.40604
-0.49238,-0.03747,0.40604
-0.49237,-0.03483,0.40672
-0.49237,-0.03483,0.40672
-0.49237,-0.03483,0.40672
-0.49237,-0.03483,0.40672
-0.49237,-0.03483,0.40672
-0.49237,-0.03483,0.40672
-0.49233,-0.03220,0.40736
-0.49233,-0.03220,0.40736
-0.49233,-0.03220,0.40736
-0.49233,-0.03220,0.40736
-0.49229,-0.02954,0.40794
-0.49229,-0.02954,0.40794
-0.49229,-0.02954,0.40794
-0.49229,-0.02954,0.40794
-0.49229,-0.02954,0.40794
-0.49226,-0.02683,0.40851
-0.49226,-0.02683,0.40851
-0.49226,-0.02683,0.40851
-0.49226,-0.02683,0.40851
-0.49226,-0.02683,0.40851
-0.49221,-0.02414,0.40900
-0.49221,-0.02414,0.40900
-0.49221,-0.02414,0.40900
-0.49221,-0.02414,0.40900
-0.49221,-0.02414,0.40900
-0.49215,-0.02147,0.40944
-0.49215,-0.02147,0.40944
-0.49215,-0.02147,0.40944
-0.49215,-0.02147,0.40944
-0.49215,-0.02147,0.40944
-0.49209,-0.01873,0.40986
-0.49209,-0.01873,0.40986
-0.49209,-0.01873,0.40986
-0.49209,-0.01873,0.40986
-0.49209,-0.01873,0.40986
-0.49206,-0.01596,0.41025
-0.49206,-0.01596,0.41025
-0.49206,-0.01596,0.41025
-0.49206,-0.01596,0.41025
-0.49206,-0.01596,0.41025
-0.49201,-0.01322,0.41056
-0.49201,-0.01322,0.41056
-0.49201,-0.01322,0.41056
-0.49201,-0.01322,0.41056
-0.49201,-0.01322,0.41056
-0.49195,-0.01050,0.41083
-0.49195,-0.01050,0.41083
-0.49195,-0.01050,0.41083
-0.49195,-0.01050,0.41083
-0.49195,-0.01050,0.41083
-0.49189,-0.00772,0.41107
-0.49189,-0.00772,0.41107
-0.49189,-0.00772,0.41107
-0.49189,-0.00772,0.41107
-0.49189,-0.00772,0.41107
-0.49186,-0.00491,0.41124
-0.49186,-0.00491,0.41124
-0.49186,-0.00491,0.41124
-0.49186,-0.00491,0.41124
-0.49186,-0.00491,0.41124
-0.49186,-0.00214,0.41134
-0.49186,-0.00214,0.41134
-0.49186,-0.00214,0.41134
-0.49186,-0.00214,0.41134
-0.49186,-0.00214,0.41134
-0.49186,-0.00214,0.41134
-0.49185,0.00065,0.41142
-0.49185,0.00065,0.41142
-0.49185,0.00065,0.41142
-0.49185,0.00065,0.41142
-0.49184,0.00346,0.41146
-0.49184,0.00346,0.41146
-0.49184,0.00346,0.41146
-0.49184,0.00346,0.41146
-0.49184,0.00346,0.41146
-0.49181,0.00628,0.41144
-0.49181,0.00628,0.41144
-0.49181,0.00628,0.41144
-0.49181,0.00628,0.41144
-0.49181,0.00628,0.41144
-0.49177,0.00906,0.41141
-0.49177,0.00906,0.41141
-0.49177,0.00906,0.41141
-0.49177,0.00906,0.41141
-0.49177,0.00906,0.41141
-0.49172,0.01186,0.41136
-0.49172,0.01186,0.41136
-0.49172,0.01186,0.41136
-0.49172,0.01186,0.41136
-0.49172,0.01186,0.41136
-0.49166,0.01467,0.41128
-0.49166,0.01467,0.41128
-0.49166,0.01467,0.41128
-0.49166,0.01467,0.41128
-0.49166,0.01467,0.41128
-0.49166,0.01467,0.41128
-0.49159,0.01748,0.41117
-0.49159,0.01748,0.41117
-0.49159,0.01748,0.41117
-0.49159,0.01748,0.41117
-0.49150,0.02029,0.41107
-0.49150,0.02029,0.41107
-0.49150,0.02029,0.41107
-0.49150,0.02029,0.41107
-0.49150,0.02029,0.41107
-0.49139,0.02311,0.41095
-0.49139,0.02311,0.41095
-0.49139,0.02311,0.41095
-0.49139,0.02311,0.41095
-0.49139,0.02311,0.41095
-0.49128,0.02591,0.41080
-0.49128,0.02591,0.41080
-0.49128,0.02591,0.41080
-0.49128,0.02591,0.41080
-0.49128,0.02591,0.41080
-0.49115,0.02871,0.41064
-0.49115,0.02871,0.41064
-0.49115,0.02871,0.41064
-0.49115,0.02871,0.41064
-0.49115,0.02871,0.41064
-0.49101,0.03150,0.41046
-0.49101,0.03150,0.41046
-0.49101,0.03150,0.41046
-0.49101,0.03150,0.41046
-0.49101,0.03150,0.41046
-0.49101,0.03150,0.41046
-0.49087,0.03428,0.41023
-0.49087,0.03428,0.41023
-0.49087,0.03428,0.41023
-0.49087,0.03428,0.41023
-0.49071,0.03704,0.40997
-0.49071,0.03704,0.40997
-0.49071,0.03704,0.40997
-0.49071,0.03704,0.40997
-0.49071,0.03704,0.40997
-0.49055,0.03981,0.40970
-0.49055,0.03981,0.40970
-0.49055,0.03981,0.40970
-0.49055,0.03981,0.40970
-0.49055,0.03981,0.40970
-0.49037,0.04260,0.40939
-0.49037,0.04260,0.40939
-0.49037,0.04260,0.40939
-0.49037,0.04260,0.40939
-0.49037,0.04260,0.40939
-0.49019,0.04534,0.40903
-0.49019,0.04534,0.40903
-0.49019,0.04534,0.40903
-0.49019,0.04534,0.40903
-0.49019,0.04534,0.40903
-0.49000,0.04807,0.40865
-0.49000,0.04807,0.40865
-0.49000,0.04807,0.40865
-0.49000,0.04807,0.40865
-0.49000,0.04807,0.40865
-0.49000,0.04807,0.40865
-0.48980,0.05081,0.40825
-0.48980,0.05081,0.40825
-0.48980,0.05081,0.40825
-0.48980,0.05081,0.40825
-0.48960,0.05354,0.40778
-0.48960,0.05354,0.40778
-0.48960,0.05354,0.40778
-0.48960,0.05354,0.40778
-0.48960,0.05354,0.40778
-0.48940,0.05622,0.40728
-0.48940,0.05622,0.40728
-0.48940,0.05622,0.40728
-0.48940,0.05622,0.40728
-0.48940,0.05622,0.40728
-0.48918,0.05891,0.40679
-0.48918,0.05891,0.40679
-0.48918,0.05891,0.40679
-0.48918,0.05891,0.40679
-0.48918,0.05891,0.40679
-0.48896,0.06161,0.40623
-0.48896,0.06161,0.40623
-0.48896,0.06161,0.40623
-0.48896,0.06161,0.40623
-0.48896,0.06161,0.40623
-0.48875,0.06427,0.40562
-0.48875,0.06427,0.40562
-0.48875,0.06427,0.40562
-0.48875,0.06427,0.40562
-0.48875,0.06427,0.40562
-0.48875,0.06427,0.40562
-0.48853,0.06689,0.40500
-0.48853,0.06689,0.40500
-0.48853,0.06689,0.40500
-0.48853,0.06689,0.40500
-0.48830,0.06953,0.40436
-0.48830,0.06953,0.40436
-0.48830,0.06953,0.40436
-0.48830,0.06953,0.40436
-0.48830,0.06953,0.40436
-0.48806,0.07216,0.40360
-0.48806,0.07216,0.40360
-0.48806,0.07216,0.40360
-0.48806,0.07216,0.40360
-0.48806,0.07216,0.40360
-0.48782,0.07472,0.40284
-0.48782,0.07472,0.40284
-0.48782,0.07472,0.40284
-0.48782,0.07472,0.40284
-0.48782,0.07472,0.40284
-0.48757,0.07730,0.40205
-0.48757,0.07730,0.40205
-0.48757,0.07730,0.40205
-0.48757,0.07730,0.40205
-0.48757,0.07730,0.40205
-0.48731,0.07988,0.40121
-0.48731,0.07988,0.40121
-0.48731,0.07988,0.40121
-0.48731,0.07988,0.40121
-0.48731,0.07988,0.40121
-0.48731,0.07988,0.40121
-0.48706,0.08243,0.40030
-0.48706,0.08243,0.40030
-0.48706,0.08243,0.40030
-0.48706,0.08243,0.40030
-0.48682,0.08491,0.39935
-0.48682,0.08491,0.39935
-0.48682,0.08491,0.39935
-0.48682,0.08491,0.39935
-0.48682,0.08491,0.39935
-0.48656,0.08741,0.39844
-0.48656,0.08741,0.39844
-0.48656,0.08741,0.39844
-0.48656,0.08741,0.39844
-0.48656,0.08741,0.39844
-0.48630,0.08992,0.39747
-0.48630,0.08992,0.39747
-0.48630,0.08992,0.39747
-0.48630,0.08992,0.39747
-0.48630,0.08992,0.39747
-0.48605,0.09238,0.39650
-0.48605,0.09238,0.39650
-0.48605,0.09238,0.39650
-0.48605,0.09238,0.39650
-0.48605,0.09238,0.39650
-0.48580,0.09479,0.39550
-0.48580,0.09479,0.39550
-0.48580,0.09479,0.39550
-0.48580,0.09479,0.39550
-0.48580,0.09479,0.39550
-0.48580,0.09479,0.39550
-0.48556,0.09724,0.39451
-0.48556,0.09724,0.39451
-0.48556,0.09724,0.39451
-0.48556,0.09724,0.39451
-0.48536,0.09971,0.39343
-0.48536,0.09971,0.39343
-0.48536,0.09971,0.39343
-0.48536,0.09971,0.39343
-0.48536,0.09971,0.39343
-0.48518,0.10212,0.39232
-0.48518,0.10212,0.39232
-0.48518,0.10212,0.39232
-0.48518,0.10212,0.39232
-0.48518,0.10212,0.39232
-0.48500,0.10448,0.39122
-0.48500,0.10448,0.39122
-0.48500,0.10448,0.39122
-0.48500,0.10448,0.39122
-0.48500,0.10448,0.39122
-0.48482,0.10689,0.39006
-0.48482,0.10689,0.39006
-0.48482,0.10689,0.39006
-0.48482,0.10689,0.39006
-0.48482,0.10689,0.39006
-0.48462,0.10931,0.38886
-0.48462,0.10931,0.38886
-0.48462,0.10931,0.38886
-0.48462,0.10931,0.38886
-0.48462,0.10931,0.38886
-0.48462,0.10931,0.38886
-0.48443,0.11166,0.38769
-0.48443,0.11166,0.38769
-0.48443,0.11166,0.38769
-0.48443,0.11166,0.38769
-0.48422,0.11398,0.38656
-0.48422,0.11398,0.38656
-0.48422,0.11398,0.38656
-0.48422,0.11398,0.38656
-0.48422,0.11398,0.38656
-0.48400,0.11635,0.38537
-0.48400,0.11635,0.38537
-0.48400,0.11635,0.38537
-0.48400,0.11635,0.38537
-0.48400,0.11635,0.38537
-0.48376,0.11872,0.38414
-0.48376,0.11872,0.38414
-0.48376,0.11872,0.38414
-0.48376,0.11872,0.38414
-0.48376,0.11872,0.38414
-0.48354,0.12103,0.38288
-0.48354,0.12103,0.38288
-0.48354,0.12103,0.38288
-0.48354,0.12103,0.38288
-0.48354,0.12103,0.38288
-0.48331,0.12329,0.38159
-0.48331,0.12329,0.38159
-0.48331,0.12329,0.38159
-0.48331,0.12329,0.38159
-0.48331,0.12329,0.38159
-0.48331,0.12329,0.38159
-0.48307,0.12561,0.38026
-0.48307,0.12561,0.38026
-0.48307,0.12561,0.38026
-0.48307,0.12561,0.38026
-0.48281,0.12792,0.37890
-0.48281,0.12792,0.37890
-0.48281,0.12792,0.37890
-0.48281,0.12792,0.37890
-0.48281,0.12792,0.37890
-0.48255,0.13020,0.37758
-0.48255,0.13020,0.37758
-0.48255,0.13020,0.37758
-0.48255,0.13020,0.37758
-0.48255,0.13020,0.37758
-0.48228,0.13241,0.37631
-0.48228,0.13241,0.37631
-0.48228,0.13241,0.37631
-0.48228,0.13241,0.37631
-0.48228,0.13241,0.37631
-0.48202,0.13466,0.37499
-0.48202,0.13466,0.37499
-0.48202,0.13466,0.37499
-0.48202,0.13466,0.37499
-0.48202,0.13466,0.37499
-0.48175,0.13693,0.37361
-0.48175,0.13693,0.37361
-0.48175,0.13693,0.37361
-0.48175,0.13693,0.37361
-0.48175,0.13693,0.37361
-0.48175,0.13693,0.37361
-0.48151,0.13918,0.37221
-0.48151,0.13918,0.37221
-0.48151,0.13918,0.37221
-0.48151,0.13918,0.37221
-0.48128,0.14137,0.37079
-0.48128,0.14137,0.37079
-0.48128,0.14137,0.37079
-0.48128,0.14137,0.37079
-0.48128,0.14137,0.37079
-0.48107,0.14357,0.36934
-0.48107,0.14357,0.36934
-0.48107,0.14357,0.36934
-0.48107,0.14357,0.36934
-0.48107,0.14357,0.36934
-0.48083,0.14581,0.36793
-0.48083,0.14581,0.36793
-0.48083,0.14581,0.36793
-0.48083,0.14581,0.36793
-0.48083,0.14581,0.36793
-0.48058,0.14802,0.36656
-0.48058,0.14802,0.36656
-0.48058,0.14802,0.36656
-0.48058,0.14802,0.36656
-0.48058,0.14802,0.36656
-0.48033,0.15019,0.36515
-0.48033,0.15019,0.36515
-0.48033,0.15019,0.36515
-0.48033,0.15019,0.36515
-0.48033,0.15019,0.36515
-0.48033,0.15019,0.36515
-0.48006,0.15232,0.36368
-0.48006,0.15232,0.36368
-0.48006,0.15232,0.36368
-0.48006,0.15232,0.36368
-0.47979,0.15448,0.36220
-0.47979,0.15448,0.36220
-0.47979,0.15448,0.36220
-0.47979,0.15448,0.36220
-0.47979,0.15448,0.36220
-0.47950,0.15666,0.36066
-0.47950,0.15666,0.36066
-0.47950,0.15666,0.36066
-0.47950,0.15666,0.36066
-0.47950,0.15666,0.36066
-0.47922,0.15880,0.35912
-0.47922,0.15880,0.35912
-0.47922,0.15880,0.35912
-0.47922,0.15880,0.35912
-0.47922,0.15880,0.35912
-0.47893,0.16091,0.35763
-0.47893,0.16091,0.35763
-0.47893,0.16091,0.35763
-0.47893,0.16091,0.35763
-0.47893,0.16091,0.35763
-0.47865,0.16298,0.35617
-0.47865,0.16298,0.35617
-0.47865,0.16298,0.35617
-0.47865,0.16298,0.35617
-0.47865,0.16298,0.35617
-0.47865,0.16298,0.35617
-0.47834,0.16508,0.35467
-0.47834,0.16508,0.35467
-0.47834,0.16508,0.35467
-0.47834,0.16508,0.35467
-0.47803,0.16720,0.35312
-0.47803,0.16720,0.35312
-0.47803,0.16720,0.35312
-0.47803,0.16720,0.35312
-0.47803,0.16720,0.35312
-0.47774,0.16931,0.35155
-0.47774,0.16931,0.35155
-0.47774,0.16931,0.35155
-0.47774,0.16931,0.35155
-0.47774,0.16931,0.35155
-0.47748,0.17135,0.34996
-0.47748,0.17135,0.34996
-0.47748,0.17135,0.34996
-0.47748,0.17135,0.34996
-0.47748,0.17135,0.34996
-0.47724,0.17336,0.34842
-0.47724,0.17336,0.34842
-0.47724,0.17336,0.34842
-0.47724,0.17336,0.34842
-0.47724,0.17336,0.34842
-0.47696,0.17547,0.34693
-0.47696,0.17547,0.34693
-0.47696,0.17547,0.34693
-0.47696,0.17547,0.34693
-0.47696,0.17547,0.34693
-0.47696,0.17547,0.34693
-0.47669,0.17758,0.34542
-0.47669,0.17758,0.34542
-0.47669,0.17758,0.34542
-0.47669,0.17758,0.34542
-0.47641,0.17964,0.34385
-0.47641,0.17964,0.34385
-0.47641,0.17964,0.34385
-0.47641,0.17964,0.34385
-0.47641,0.17964,0.34385
-0.47614,0.18164,0.34227
-0.47614,0.18164,0.34227
-0.47614,0.18164,0.34227
-0.47614,0.18164,0.34227
-0.47614,0.18164,0.34227
-0.47589,0.18361,0.34066
-0.47589,0.18361,0.34066
-0.47589,0.18361,0.34066
-0.47589,0.18361,0.34066
-0.47589,0.18361,0.34066
-0.47560,0.18567,0.33908
-0.47560,0.18567,0.33908
-0.47560,0.18567,0.33908
-0.47560,0.18567,0.33908
-0.47560,0.18567,0.33908
-0.47532,0.18771,0.33754
-0.47532,0.18771,0.33754
-0.47532,0.18771,0.33754
-0.47532,0.18771,0.33754
-0.47532,0.18771,0.33754
-0.47503,0.18972,0.33598
-0.47503,0.18972,0.33598
-0.47503,0.18972,0.33598
-0.47503,0.18972,0.33598
-0.47503,0.18972,0.33598
-0.47474,0.19166,0.33438
-0.47474,0.19166,0.33438
-0.47474,0.19166,0.33438
-0.47474,0.19166,0.33438
-0.47474,0.19166,0.33438
-0.47446,0.19361,0.33275
-0.47446,0.19361,0.33275
-0.47446,0.19361,0.33275
-0.47446,0.19361,0.33275
-0.47446,0.19361,0.33275
-0.47417,0.19563,0.33111
-0.47417,0.19563,0.33111
-0.47417,0.19563,0.33111
-0.47417,0.19563,0.33111
-0.47417,0.19563,0.33111
-0.47390,0.19764,0.32955
-0.47390,0.19764,0.32955
-0.47390,0.19764,0.32955
-0.47390,0.19764,0.32955
-0.47390,0.19764,0.32955
-0.47364,0.19961,0.32800
-0.47364,0.19961,0.32800
-0.47364,0.19961,0.32800
-0.47364,0.19961,0.32800
-0.47364,0.19961,0.32800
-0.47364,0.19961,0.32800
-0.47339,0.20154,0.32641
-0.47339,0.20154,0.32641
-0.47339,0.20154,0.32641
-0.47339,0.20154,0.32641
-0.47313,0.20347,0.32478
-0.47313,0.20347,0.32478
-0.47313,0.20347,0.32478
-0.47313,0.20347,0.32478
-0.47313,0.20347,0.32478
-0.47283,0.20547,0.32313
-0.47283,0.20547,0.32313
-0.47283,0.20547,0.32313
-0.47283,0.20547,0.32313
-0.47283,0.20547,0.32313
-0.47256,0.20746,0.32153
-0.47256,0.20746,0.32153
-0.47256,0.20746,0.32153
-0.47256,0.20746,0.32153
-0.47256,0.20746,0.32153
-0.47231,0.20941,0.31999
-0.47231,0.20941,0.31999
-0.47231,0.20941,0.31999
-0.47231,0.20941,0.31999
-0.47231,0.20941,0.31999
-0.47207,0.21131,0.31844
-0.47207,0.21131,0.31844
-0.47207,0.21131,0.31844
-0.47207,0.21131,0.31844
-0.47207,0.21131,0.31844
-0.47207,0.21131,0.31844
-0.47183,0.21321,0.31682
-0.47183,0.21321,0.31682
-0.47183,0.21321,0.31682
-0.47183,0.21321,0.31682
-0.47157,0.21518,0.31517
-0.47157,0.21518,0.31517
-0.47157,0.21518,0.31517
-0.47157,0.21518,0.31517
-0.47157,0.21518,0.31517
-0.47127,0.21721,0.31353
-0.47127,0.21721,0.31353
-0.47127,0.21721,0.31353
-0.47127,0.21721,0.31353
-0.47127,0.21721,0.31353
-0.47101,0.21917,0.31199
-0.47101,0.21917,0.31199
-0.47101,0.21917,0.31199
-0.47101,0.21917,0.31199
-0.47101,0.21917,0.31199
-0.47077,0.22108,0.31046
-0.47077,0.22108,0.31046
-0.47077,0.22108,0.31046
-0.47077,0.22108,0.31046
-0.47077,0.22108,0.31046
-0.47055,0.22297,0.30887
-0.47055,0.22297,0.30887
-0.47055,0.22297,0.30887
-0.47055,0.22297,0.30887
-0.47055,0.22297,0.30887
-0.47032,0.22491,0.30725
-0.47032,0.22491,0.30725
-0.47032,0.22491,0.30725
-0.47032,0.22491,0.30725
-0.47032,0.22491,0.30725
-0.47003,0.22693,0.30562
-0.47003,0.22693,0.30562
-0.47003,0.22693,0.30562
-0.47003,0.22693,0.30562
-0.47003,0.22693,0.30562
-0.46980,0.22892,0.30407
-0.46980,0.22892,0.30407
-0.46980,0.22892,0.30407
-0.46980,0.22892,0.30407
-0.46980,0.22892,0.30407
-0.46959,0.23087,0.30260
-0.46959,0.23087,0.30260
-0.46959,0.23087,0.30260
-0.46959,0.23087,0.30260
-0.46959,0.23087,0.30260
-0.46938,0.23278,0.30107
-0.46938,0.23278,0.30107
-0.46938,0.23278,0.30107
-0.46938,0.23278,0.30107
-0.46938,0.23278,0.30107
-0.46917,0.23469,0.29948
-0.46917,0.23469,0.29948
-0.46917,0.23469,0.29948
-0.46917,0.23469,0.29948
-0.46917,0.23469,0.29948
-0.46917,0.23469,0.29948
-0.46892,0.23667,0.29787
-0.46892,0.23667,0.29787
-0.46892,0.23667,0.29787
-0.46892,0.23667,0.29787
-0.46866,0.23870,0.29634
-0.46866,0.23870,0.29634
-0.46866,0.23870,0.29634
-0.46866,0.23870,0.29634
-0.46866,0.23870,0.29634
-0.46844,0.24067,0.29486
-0.46844,0.24067,0.29486
-0.46844,0.24067,0.29486
-0.46844,0.24067,0.29486
-0.46844,0.24067,0.29486
-0.46824,0.24262,0.29335
-0.46824,0.24262,0.29335
-0.46824,0.24262,0.29335
-0.46824,0.24262,0.29335
-0.46824,0.24262,0.29335
-0.46804,0.24455,0.29179
-0.46804,0.24455,0.29179
-0.46804,0.24455,0.29179
-0.46804,0.24455,0.29179
-0.46804,0.24455,0.29179
-0.46782,0.24652,0.29020
-0.46782,0.24652,0.29020
-0.46782,0.24652,0.29020
-0.46782,0.24652,0.29020
-0.46782,0.24652,0.29020
-0.46760,0.24856,0.28873
-0.46760,0.24856,0.28873
-0.46760,0.24856,0.28873
-0.46760,0.24856,0.28873
-0.46760,0.24856,0.28873
-0.46740,0.25057,0.28731
-0.46740,0.25057,0.28731
-0.46740,0.25057,0.28731
-0.46740,0.25057,0.28731
-0.46740,0.25057,0.28731
-0.46722,0.25257,0.28588
-0.46722,0.25257,0.28588
-0.46722,0.25257,0.28588
-0.46722,0.25257,0.28588
-0.46722,0.25257,0.28588
-0.46705,0.25456,0.28440
-0.46705,0.25456,0.28440
-0.46705,0.25456,0.28440
-0.46705,0.25456,0.28440
-0.46705,0.25456,0.28440
-0.46687,0.25655,0.28288
-0.46687,0.25655,0.28288
-0.46687,0.25655,0.28288
-0.46687,0.25655,0.28288
-0.46687,0.25655,0.28288
-0.46669,0.25857,0.28143
-0.46669,0.25857,0.28143
-0.46669,0.25857,0.28143
-0.46669,0.25857,0.28143
-0.46669,0.25857,0.28143
-0.46669,0.25857,0.28143
-0.46651,0.26066,0.28007
-0.46651,0.26066,0.28007
-0.46651,0.26066,0.28007
-0.46651,0.26066,0.28007
-0.46634,0.26270,0.27866
-0.46634,0.26270,0.27866
-0.46634,0.26270,0.27866
-0.46634,0.26270,0.27866
-0.46634,0.26270,0.27866
-0.46616,0.26475,0.27720
-0.46616,0.26475,0.27720
-0.46616,0.26475,0.27720
-0.46616,0.26475,0.27720
-0.46616,0.26475,0.27720
-0.46599,0.26677,0.27574
-0.46599,0.26677,0.27574
-0.46599,0.26677,0.27574
-0.46599,0.26677,0.27574
-0.46599,0.26677,0.27574
-0.46582,0.26881,0.27438
-0.46582,0.26881,0.27438
-0.46582,0.26881,0.27438
-0.46582,0.26881,0.27438
-0.46582,0.26881,0.27438
-0.46569,0.27092,0.27310
-0.46569,0.27092,0.27310
-0.46569,0.27092,0.27310
-0.46569,0.27092,0.27310
-0.46569,0.27092,0.27310
-0.46569,0.27092,0.27310
-0.46552,0.27301,0.27178
-0.46552,0.27301,0.27178
-0.46552,0.27301,0.27178
-0.46552,0.27301,0.27178
-0.46531,0.27508,0.27036
-0.46531,0.27508,0.27036
-0.46531,0.27508,0.27036
-0.46531,0.27508,0.27036
-0.46531,0.27508,0.27036
-0.46511,0.27717,0.26896
-0.46511,0.27717,0.26896
-0.46511,0.27717,0.26896
-0.46511,0.27717,0.26896
-0.46511,0.27717,0.26896
-0.46498,0.27925,0.26768
-0.46498,0.27925,0.26768
-0.46498,0.27925,0.26768
-0.46498,0.27925,0.26768
-0.46498,0.27925,0.26768
-0.46487,0.28136,0.26647
-0.46487,0.28136,0.26647
-0.46487,0.28136,0.26647
-0.46487,0.28136,0.26647
-0.46487,0.28136,0.26647
-0.46475,0.28354,0.26524
-0.46475,0.28354,0.26524
-0.46475,0.28354,0.26524
-0.46475,0.28354,0.26524
-0.46475,0.28354,0.26524
-0.46475,0.28354,0.26524
-0.46463,0.28573,0.26394
-0.46463,0.28573,0.26394
-0.46463,0.28573,0.26394
-0.46463,0.28573,0.26394
-0.46451,0.28792,0.26265
-0.46451,0.28792,0.26265
-0.46451,0.28792,0.26265
-0.46451,0.28792,0.26265
-0.46451,0.28792,0.26265
-0.46440,0.29008,0.26145
-0.46440,0.29008,0.26145
-0.46440,0.29008,0.26145
-0.46440,0.29008,0.26145
-0.46440,0.29008,0.26145
-0.46432,0.29222,0.26032
-0.46432,0.29222,0.26032
-0.46432,0.29222,0.26032
-0.46432,0.29222,0.26032
-0.46432,0.29222,0.26032
-0.46425,0.29443,0.25916
-0.46425,0.29443,0.25916
-0.46425,0.29443,0.25916
-0.46425,0.29443,0.25916
-0.46425,0.29443,0.25916
-0.46414,0.29668,0.25797
-0.46414,0.29668,0.25797
-0.46414,0.29668,0.25797
-0.46414,0.29668,0.25797
-0.46414,0.29668,0.25797
-0.46414,0.29668,0.25797
-0.46398,0.29890,0.25673
-0.46398,0.29890,0.25673
-0.46398,0.29890,0.25673
-0.46398,0.29890,0.25673
-0.46383,0.30110,0.25561
-0.46383,0.30110,0.25561
-0.46383,0.30110,0.25561
-0.46383,0.30110,0.25561
-0.46383,0.30110,0.25561
-0.46371,0.30328,0.25456
-0.46371,0.30328,0.25456
-0.46371,0.30328,0.25456
-0.46371,0.30328,0.25456
-0.46371,0.30328,0.25456
-0.46361,0.30546,0.25348
-0.46361,0.30546,0.25348
-0.46361,0.30546,0.25348
-0.46361,0.30546,0.25348
-0.46361,0.30546,0.25348
-0.46347,0.30774,0.25236
-0.46347,0.30774,0.25236
-0.46347,0.30774,0.25236
-0.46347,0.30774,0.25236
-0.46347,0.30774,0.25236
-0.46332,0.31005,0.25126
-0.46332,0.31005,0.25126
-0.46332,0.31005,0.25126
-0.46332,0.31005,0.25126
-0.46332,0.31005,0.25126
-0.46332,0.31005,0.25126
-0.46321,0.31233,0.25025
-0.46321,0.31233,0.25025
-0.46321,0.31233,0.25025
-0.46321,0.31233,0.25025
-0.46315,0.31460,0.24933
-0.46315,0.31460,0.24933
-0.46315,0.31460,0.24933
-0.46315,0.31460,0.24933
-0.46315,0.31460,0.24933
-0.46312,0.31689,0.24839
-0.46312,0.31689,0.24839
-0.46312,0.31689,0.24839
-0.46312,0.31689,0.24839
-0.46312,0.31689,0.24839
-0.46309,0.31924,0.24745
-0.46309,0.31924,0.24745
-0.46309,0.31924,0.24745
-0.46309,0.31924,0.24745
-0.46309,0.31924,0.24745
-0.46300,0.32162,0.24646
-0.46300,0.32162,0.24646
-0.46300,0.32162,0.24646
-0.46300,0.32162,0.24646
-0.46300,0.32162,0.24646
-0.46294,0.32399,0.24556
-0.46294,0.32399,0.24556
-0.46294,0.32399,0.24556
-0.46294,0.32399,0.24556
-0.46294,0.32399,0.24556
-0.46294,0.32399,0.24556
-0.46291,0.32637,0.24477
-0.46291,0.32637,0.24477
-0.46291,0.32637,0.24477
-0.46291,0.32637,0.24477
-0.46290,0.32873,0.24396
-0.46290,0.32873,0.24396
-0.46290,0.32873,0.24396
-0.46290,0.32873,0.24396
-0.46290,0.32873,0.24396
-0.46289,0.33111,0.24311
-0.46289,0.33111,0.24311
-0.46289,0.33111,0.24311
-0.46289,0.33111,0.24311
-0.46289,0.33111,0.24311
-0.46279,0.33351,0.24219
-0.46279,0.33351,0.24219
-0.46279,0.33351,0.24219
-0.46279,0.33351,0.24219
-0.46279,0.33351,0.24219
-0.46270,0.33595,0.24136
-0.46270,0.33595,0.24136
-0.46270,0.33595,0.24136
-0.46270,0.33595,0.24136
-0.46270,0.33595,0.24136
-0.46264,0.33838,0.24064
-0.46264,0.33838,0.24064
-0.46264,0.33838,0.24064
-0.46264,0.33838,0.24064
-0.46264,0.33838,0.24064
-0.46264,0.33838,0.24064
-0.46261,0.34081,0.23996
-0.46261,0.34081,0.23996
-0.46261,0.34081,0.23996
-0.46261,0.34081,0.23996
-0.46252,0.34319,0.23914
-0.46252,0.34319,0.23914
-0.46252,0.34319,0.23914
-0.46252,0.34319,0.23914
-0.46252,0.34319,0.23914
-0.46241,0.34559,0.23830
-0.46241,0.34559,0.23830
-0.46241,0.34559,0.23830
-0.46241,0.34559,0.23830
-0.46241,0.34559,0.23830
-0.46230,0.34806,0.23753
-0.46230,0.34806,0.23753
-0.46230,0.34806,0.23753
-0.46230,0.34806,0.23753
-0.46230,0.34806,0.23753
-0.46221,0.35056,0.23693
-0.46221,0.35056,0.23693
-0.46221,0.35056,0.23693
-0.46221,0.35056,0.23693
-0.46221,0.35056,0.23693
-0.46209,0.35301,0.23626
-0.46209,0.35301,0.23626
-0.46209,0.35301,0.23626
-0.46209,0.35301,0.23626
-0.46209,0.35301,0.23626
-0.46197,0.35543,0.23558
-0.46197,0.35543,0.23558
-0.46197,0.35543,0.23558
-0.46197,0.35543,0.23558
-0.46197,0.35543,0.23558
-0.46186,0.35787,0.23490
-0.46186,0.35787,0.23490
-0.46186,0.35787,0.23490
-0.46186,0.35787,0.23490
-0.46186,0.35787,0.23490
-0.46175,0.36038,0.23430
-0.46175,0.36038,0.23430
-0.46175,0.36038,0.23430
-0.46175,0.36038,0.23430
-0.46175,0.36038,0.23430
-0.46159,0.36288,0.23369
-0.46159,0.36288,0.23369
-0.46159,0.36288,0.23369
-0.46159,0.36288,0.23369
-0.46159,0.36288,0.23369
-0.46147,0.36539,0.23319
-0.46147,0.36539,0.23319
-0.46147,0.36539,0.23319
-0.46147,0.36539,0.23319
-0.46147,0.36539,0.23319
-0.46137,0.36790,0.23273
-0.46137,0.36790,0.23273
-0.46137,0.36790,0.23273
-0.46137,0.36790,0.23273
-0.46137,0.36790,0.23273
-0.46137,0.36790,0.23273
-0.46128,0.37044,0.23230
-0.46128,0.37044,0.23230
-0.46128,0.37044,0.23230
-0.46128,0.37044,0.23230
-0.46113,0.37291,0.23177
-0.46113,0.37291,0.23177
-0.46113,0.37291,0.23177
-0.46113,0.37291,0.23177
-0.46113,0.37291,0.23177
-0.46098,0.37543,0.23127
-0.46098,0.37543,0.23127
-0.46098,0.37543,0.23127
-0.46098,0.37543,0.23127
-0.46098,0.37543,0.23127
-0.46083,0.37800,0.23090
-0.46083,0.37800,0.23090
-0.46083,0.37800,0.23090
-0.46083,0.37800,0.23090
-0.46083,0.37800,0.23090
-0.46072,0.38057,0.23065
-0.46072,0.38057,0.23065
-0.46072,0.38057,0.23065
-0.46072,0.38057,0.23065
-0.46072,0.38057,0.23065
-0.46057,0.38308,0.23031
-0.46057,0.38308,0.23031
-0.46057,0.38308,0.23031
-0.46057,0.38308,0.23031
-0.46057,0.38308,0.23031
-0.46057,0.38308,0.23031
-0.46044,0.38561,0.23001
-0.46044,0.38561,0.23001
-0.46044,0.38561,0.23001
-0.46044,0.38561,0.23001
-0.46030,0.38813,0.22972
-0.46030,0.38813,0.22972
-0.46030,0.38813,0.22972
-0.46030,0.38813,0.22972
-0.46030,0.38813,0.22972
-0.46013,0.39070,0.22945
-0.46013,0.39070,0.22945
-0.46013,0.39070,0.22945
-0.46013,0.39070,0.22945
-0.46013,0.39070,0.22945
-0.45992,0.39322,0.22918
-0.45992,0.39322,0.22918
-0.45992,0.39322,0.22918
-0.45992,0.39322,0.22918
-0.45992,0.39322,0.22918
-0.45975,0.39576,0.22904
-0.45975,0.39576,0.22904
-0.45975,0.39576,0.22904
-0.45975,0.39576,0.22904
-0.45975,0.39576,0.22904
-0.45961,0.39830,0.22900
-0.45961,0.39830,0.22900
-0.45961,0.39830,0.22900
-0.45961,0.39830,0.22900
-0.45961,0.39830,0.22900
-0.45945,0.40079,0.22890
-0.45945,0.40079,0.22890
-0.45945,0.40079,0.22890
-0.45945,0.40079,0.22890
-0.45945,0.40079,0.22890
-0.45928,0.40323,0.22880
-0.45928,0.40323,0.22880
-0.45928,0.40323,0.22880
-0.45928,0.40323,0.22880
-0.45928,0.40323,0.22880
-0.45910,0.40561,0.22870
-0.45910,0.40561,0.22870
-0.45910,0.40561,0.22870
-0.45910,0.40561,0.22870
-0.45910,0.40561,0.22870
-0.45891,0.40790,0.22866
-0.45891,0.40790,0.22866
-0.45891,0.40790,0.22866
-0.45891,0.40790,0.22866
-0.45891,0.40790,0.22866
-0.45870,0.41002,0.22859
-0.45870,0.41002,0.22859
-0.45870,0.41002,0.22859
-0.45870,0.41002,0.22859
-0.45870,0.41002,0.22859
-0.45855,0.41197,0.22857
-0.45855,0.41197,0.22857
-0.45855,0.41197,0.22857
-0.45855,0.41197,0.22857
-0.45855,0.41197,0.22857
-0.45855,0.41197,0.22857
-0.45844,0.41375,0.22858
-0.45844,0.41375,0.22858
-0.45844,0.41375,0.22858
-0.45844,0.41375,0.22858
-0.45845,0.41533,0.22862
-0.45845,0.41533,0.22862
-0.45845,0.41533,0.22862
-0.45845,0.41533,0.22862
-0.45845,0.41533,0.22862
-0.45845,0.41670,0.22858
-0.45845,0.41670,0.22858
-0.45845,0.41670,0.22858
-0.45845,0.41670,0.22858
-0.45845,0.41670,0.22858
-0.45849,0.41793,0.22855
-0.45849,0.41793,0.22855
-0.45849,0.41793,0.22855
-0.45849,0.41793,0.22855
-0.45849,0.41793,0.22855
-0.45861,0.41899,0.22851
-0.45861,0.41899,0.22851
-0.45861,0.41899,0.22851
-0.45861,0.41899,0.22851
-0.45861,0.41899,0.22851
-0.45884,0.41990,0.22855
-0.45884,0.41990,0.22855
-0.45884,0.41990,0.22855
-0.45884,0.41990,0.22855
-0.45884,0.41990,0.22855
-0.45884,0.41990,0.22855
-0.45914,0.42066,0.22857
-0.45914,0.42066,0.22857
-0.45914,0.42066,0.22857
-0.45914,0.42066,0.22857
-0.45951,0.42125,0.22858
-0.45951,0.42125,0.22858
-0.45951,0.42125,0.22858
-0.45951,0.42125,0.22858
-0.45951,0.42125,0.22858
-0.45989,0.42172,0.22862
-0.45989,0.42172,0.22862
-0.45989,0.42172,0.22862
-0.45989,0.42172,0.22862
-0.45989,0.42172,0.22862
-0.46027,0.42213,0.22867
-0.46027,0.42213,0.22867
-0.46027,0.42213,0.22867
-0.46027,0.42213,0.22867
-0.46027,0.42213,0.22867
-0.46062,0.42253,0.22879
-0.46062,0.42253,0.22879
-0.46062,0.42253,0.22879
-0.46062,0.42253,0.22879
-0.46062,0.42253,0.22879
-0.46093,0.42283,0.22888
-0.46093,0.42283,0.22888
-0.46093,0.42283,0.22888
-0.46093,0.42283,0.22888
-0.46093,0.42283,0.22888
-0.46093,0.42283,0.22888
-0.46121,0.42309,0.22896
-0.46121,0.42309,0.22896
-0.46121,0.42309,0.22896
-0.46121,0.42309,0.22896
-0.46139,0.42332,0.22904
-0.46139,0.42332,0.22904
-0.46139,0.42332,0.22904
-0.46139,0.42332,0.22904
-0.46139,0.42332,0.22904
-0.46147,0.42351,0.22910
-0.46147,0.42351,0.22910
-0.46147,0.42351,0.22910
-0.46147,0.42351,0.22910
-0.46147,0.42351,0.22910
-0.46143,0.42370,0.22914
-0.46143,0.42370,0.22914
-0.46143,0.42370,0.22914
-0.46143,0.42370,0.22914
-0.46143,0.42370,0.22914
-0.46126,0.42388,0.22915
-0.46126,0.42388,0.22915
-0.46126,0.42388,0.22915
-0.46126,0.42388,0.22915
-0.46126,0.42388,0.22915
-0.46103,0.42399,0.22916
-0.46103,0.42399,0.22916
-0.46103,0.42399,0.22916
-0.46103,0.42399,0.22916
-0.46103,0.42399,0.22916
-0.46103,0.42399,0.22916
-0.46082,0.42409,0.22914
-0.46082,0.42409,0.22914
-0.46082,0.42409,0.22914
-0.46082,0.42409,0.22914
-0.46067,0.42417,0.22914
-0.46067,0.42417,0.22914
-0.46067,0.42417,0.22914
-0.46067,0.42417,0.22914
-0.46067,0.42417,0.22914
-0.46056,0.42425,0.22918
-0.46056,0.42425,0.22918
-0.46056,0.42425,0.22918
-0.46056,0.42425,0.22918
-0.46056,0.42425,0.22918
-0.46046,0.42432,0.22923
-0.46046,0.42432,0.22923
-0.46046,0.42432,0.22923
-0.46046,0.42432,0.22923
-0.46046,0.42432,0.22923
-0.46038,0.42438,0.22929
-0.46038,0.42438,0.22929
-0.46038,0.42438,0.22929
-0.46038,0.42438,0.22929
-0.46038,0.42438,0.22929
-0.46036,0.42442,0.22935
-0.46036,0.42442,0.22935
-0.46036,0.42442,0.22935
-0.46036,0.42442,0.22935
-0.46036,0.42442,0.22935
-0.46036,0.42442,0.22935
-0.46037,0.42441,0.22941
-0.46037,0.42441,0.22941
-0.46037,0.42441,0.22941
-0.46037,0.42441,0.22941
-0.46042,0.42437,0.22946
-0.46042,0.42437,0.22946
-0.46042,0.42437,0.22946
-0.46042,0.42437,0.22946
-0.46042,0.42437,0.22946
-0.46047,0.42433,0.22951
-0.46047,0.42433,0.22951
-0.46047,0.42433,0.22951
-0.46047,0.42433,0.22951
-0.46047,0.42433,0.22951
-0.46050,0.42429,0.22956
-0.46050,0.42429,0.22956
-0.46050,0.42429,0.22956
-0.46050,0.42429,0.22956
-0.46050,0.42429,0.22956
-0.46053,0.42427,0.22960
-0.46053,0.42427,0.22960
-0.46053,0.42427,0.22960
-0.46053,0.42427,0.22960
-0.46053,0.42427,0.22960
-0.46056,0.42423,0.22964
-0.46056,0.42423,0.22964
-0.46056,0.42423,0.22964
-0.46056,0.42423,0.22964
-0.46056,0.42423,0.22964
-0.46056,0.42423,0.22964
-0.46059,0.42420,0.22966
-0.46059,0.42420,0.22966
-0.46059,0.42420,0.22966
-0.46059,0.42420,0.22966
-0.46062,0.42416,0.22967
-0.46062,0.42416,0.22967
-0.46062,0.42416,0.22967
-0.46062,0.42416,0.22967
-0.46062,0.42416,0.22967
-0.46063,0.42415,0.22967
-0.46063,0.42415,0.22967
-0.46063,0.42415,0.22967
-0.46063,0.42415,0.22967
-0.46063,0.42415,0.22967
-0.46063,0.42415,0.22966
-0.46063,0.42415,0.22966
-0.46063,0.42415,0.22966
-0.46063,0.42415,0.22966
-0.46063,0.42415,0.22966
-0.46063,0.42415,0.22966
