-0.46086,0.42434,0.22961
-0.46086,0.42434,0.22961
-0.46086,0.42434,0.22961
-0.46086,0.42434,0.22961
-0.46086,0.42434,0.22961
-0.46086,0.42434,0.22961
-0.46086,0.42434,0.22961
-0.46086,0.42434,0.22961
-0.46086,0.42434,0.22961
-0.46086,0.42434,0.22961
-0.46086,0.42434,0.22961
-0.46086,0.42434,0.22961
-0.46086,0.42434,0.22961
-0.46086,0.42434,0.22961
-0.46086,0.42434,0.22961
-0.46086,0.42434,0.22961
-0.46086,0.42434,0.22961
-0.46086,0.42434,0.22961
-0.46086,0.42434,0.22961
-0.46086,0.42434,0.22961
-0.46086,0.42434,0.22961
-0.46086,0.42434,0.22961
-0.46086,0.42434,0.22961
-0.46086,0.42434,0.22961
-0.46086,0.42434,0.22961
-0.46086,0.42434,0.22961
-0.46086,0.42434,0.22961
-0.46086,0.42434,0.22961
-0.46086,0.42434,0.22961
-0.46086,0.42434,0.22961
-0.46087,0.42432,0.22961
-0.46087,0.42432,0.22961
-0.46087,0.42432,0.22961
-0.46087,0.42432,0.22961
-0.46087,0.42432,0.22961
-0.46143,0.42347,0.22962
-0.46143,0.42347,0.22962
-0.46143,0.42347,0.22962
-0.46143,0.42347,0.22962
-0.46143,0.42347,0.22962
-0.46178,0.42253,0.22954
-0.46178,0.42253,0.22954
-0.46178,0.42253,0.22954
-0.46178,0.42253,0.22954
-0.46178,0.42253,0.22954
-0.46209,0.42127,0.22942
-0.46209,0.42127,0.22942
-0.46209,0.42127,0.22942
-0.46209,0.42127,0.22942
-0.46209,0.42127,0.22942
-0.46238,0.41966,0.22929
-0.46238,0.41966,0.22929
-0.46238,0.41966,0.22929
-0.46238,0.41966,0.22929
-0.46238,0.41966,0.22929
-0.46289,0.41770,0.22928
-0.46289,0.41770,0.22928
-0.46289,0.41770,0.22928
-0.46289,0.41770,0.22928
-0.46289,0.41770,0.22928
-0.46346,0.41556,0.22921
-0.46346,0.41556,0.22921
-0.46346,0.41556,0.22921
-0.46346,0.41556,0.22921
-0.46346,0.41556,0.22921
-0.46417,0.41347,0.22946
-0.46417,0.41347,0.22946
-0.46417,0.41347,0.22946
-0.46417,0.41347,0.22946
-0.46417,0.41347,0.22946
-0.46491,0.41137,0.22975
-0.46491,0.41137,0.22975
-0.46491,0.41137,0.22975
-0.46491,0.41137,0.22975
-0.46491,0.41137,0.22975
-0.46579,0.40938,0.23025
-0.46579,0.40938,0.23025
-0.46579,0.40938,0.23025
-0.46579,0.40938,0.23025
-0.46671,0.40753,0.23106
-0.46671,0.40753,0.23106
-0.46671,0.40753,0.23106
-0.46671,0.40753,0.23106
-0.46671,0.40753,0.23106
-0.46671,0.40753,0.23106
-0.46761,0.40577,0.23203
-0.46761,0.40577,0.23203
-0.46761,0.40577,0.23203
-0.46761,0.40577,0.23203
-0.46761,0.40577,0.23203
-0.46845,0.40411,0.23310
-0.46845,0.40411,0.23310
-0.46845,0.40411,0.23310
-0.46845,0.40411,0.23310
-0.46845,0.40411,0.23310
-0.46918,0.40250,0.23420
-0.46918,0.40250,0.23420
-0.46918,0.40250,0.23420
-0.46918,0.40250,0.23420
-0.46918,0.40250,0.23420
-0.46978,0.40105,0.23541
-0.46978,0.40105,0.23541
-0.46978,0.40105,0.23541
-0.46978,0.40105,0.23541
-0.47030,0.39964,0.23674
-0.47030,0.39964,0.23674
-0.47030,0.39964,0.23674
-0.47030,0.39964,0.23674
-0.47030,0.39964,0.23674
-0.47030,0.39964,0.23674
-0.47067,0.39821,0.23803
-0.47067,0.39821,0.23803
-0.47067,0.39821,0.23803
-0.47067,0.39821,0.23803
-0.47067,0.39821,0.23803
-0.47087,0.39693,0.23947
-0.47087,0.39693,0.23947
-0.47087,0.39693,0.23947
-0.47087,0.39693,0.23947
-0.47087,0.39693,0.23947
-0.47088,0.39557,0.24075
-0.47088,0.39557,0.24075
-0.47088,0.39557,0.24075
-0.47088,0.39557,0.24075
-0.47088,0.39557,0.24075
-0.47086,0.39401,0.24193
-0.47086,0.39401,0.24193
-0.47086,0.39401,0.24193
-0.47086,0.39401,0.24193
-0.47086,0.39401,0.24193
-0.47080,0.39231,0.24311
-0.47080,0.39231,0.24311
-0.47080,0.39231,0.24311
-0.47080,0.39231,0.24311
-0.47080,0.39231,0.24311
-0.47074,0.39059,0.24438
-0.47074,0.39059,0.24438
-0.47074,0.39059,0.24438
-0.47074,0.39059,0.24438
-0.47074,0.39059,0.24438
-0.47066,0.38886,0.24575
-0.47066,0.38886,0.24575
-0.47066,0.38886,0.24575
-0.47066,0.38886,0.24575
-0.47066,0.38886,0.24575
-0.47052,0.38721,0.24707
-0.47052,0.38721,0.24707
-0.47052,0.38721,0.24707
-0.47052,0.38721,0.24707
-0.47052,0.38721,0.24707
-0.47035,0.38555,0.24828
-0.47035,0.38555,0.24828
-0.47035,0.38555,0.24828
-0.47035,0.38555,0.24828
-0.47035,0.38555,0.24828
-0.47021,0.38392,0.24959
-0.47021,0.38392,0.24959
-0.47021,0.38392,0.24959
-0.47021,0.38392,0.24959
-0.47021,0.38392,0.24959
-0.47023,0.38225,0.25113
-0.47023,0.38225,0.25113
-0.47023,0.38225,0.25113
-0.47023,0.38225,0.25113
-0.47023,0.38225,0.25113
-0.47026,0.38054,0.25268
-0.47026,0.38054,0.25268
-0.47026,0.38054,0.25268
-0.47026,0.38054,0.25268
-0.47026,0.38054,0.25268
-0.47029,0.37878,0.25413
-0.47029,0.37878,0.25413
-0.47029,0.37878,0.25413
-0.47029,0.37878,0.25413
-0.47029,0.37878,0.25413
-0.47023,0.37706,0.25556
-0.47023,0.37706,0.25556
-0.47023,0.37706,0.25556
-0.47023,0.37706,0.25556
-0.47023,0.37706,0.25556
-0.47020,0.37529,0.25717
-0.47020,0.37529,0.25717
-0.47020,0.37529,0.25717
-0.47020,0.37529,0.25717
-0.47020,0.37529,0.25717
-0.47022,0.37353,0.25896
-0.47022,0.37353,0.25896
-0.47022,0.37353,0.25896
-0.47022,0.37353,0.25896
-0.47022,0.37353,0.25896
-0.47021,0.37172,0.26057
-0.47021,0.37172,0.26057
-0.47021,0.37172,0.26057
-0.47021,0.37172,0.26057
-0.47013,0.36994,0.26207
-0.47013,0.36994,0.26207
-0.47013,0.36994,0.26207
-0.47013,0.36994,0.26207
-0.47013,0.36994,0.26207
-0.47005,0.36820,0.26375
-0.47005,0.36820,0.26375
-0.47005,0.36820,0.26375
-0.47005,0.36820,0.26375
-0.47005,0.36820,0.26375
-0.47001,0.36649,0.26559
-0.47001,0.36649,0.26559
-0.47001,0.36649,0.26559
-0.47001,0.36649,0.26559
-0.47001,0.36649,0.26559
-0.46992,0.36474,0.26723
-0.46992,0.36474,0.26723
-0.46992,0.36474,0.26723
-0.46992,0.36474,0.26723
-0.46992,0.36474,0.26723
-0.46987,0.36295,0.26883
-0.46987,0.36295,0.26883
-0.46987,0.36295,0.26883
-0.46987,0.36295,0.26883
-0.46987,0.36295,0.26883
-0.46987,0.36295,0.26883
-0.46982,0.36109,0.27057
-0.46982,0.36109,0.27057
-0.46982,0.36109,0.27057
-0.46982,0.36109,0.27057
-0.46982,0.36109,0.27057
-0.46981,0.35920,0.27242
-0.46981,0.35920,0.27242
-0.46981,0.35920,0.27242
-0.46981,0.35920,0.27242
-0.46981,0.35920,0.27242
-0.46980,0.35732,0.27412
-0.46980,0.35732,0.27412
-0.46980,0.35732,0.27412
-0.46980,0.35732,0.27412
-0.46980,0.35732,0.27412
-0.46973,0.35544,0.27573
-0.46973,0.35544,0.27573
-0.46973,0.35544,0.27573
-0.46973,0.35544,0.27573
-0.46973,0.35544,0.27573
-0.46967,0.35360,0.27759
-0.46967,0.35360,0.27759
-0.46967,0.35360,0.27759
-0.46967,0.35360,0.27759
-0.46967,0.35360,0.27759
-0.46957,0.35180,0.27947
-0.46957,0.35180,0.27947
-0.46957,0.35180,0.27947
-0.46957,0.35180,0.27947
-0.46957,0.35180,0.27947
-0.46945,0.34996,0.28109
-0.46945,0.34996,0.28109
-0.46945,0.34996,0.28109
-0.46945,0.34996,0.28109
-0.46945,0.34996,0.28109
-0.46935,0.34812,0.28277
-0.46935,0.34812,0.28277
-0.46935,0.34812,0.28277
-0.46935,0.34812,0.28277
-0.46935,0.34812,0.28277
-0.46932,0.34627,0.28477
-0.46932,0.34627,0.28477
-0.46932,0.34627,0.28477
-0.46932,0.34627,0.28477
-0.46932,0.34627,0.28477
-0.46927,0.34438,0.28664
-0.46927,0.34438,0.28664
-0.46927,0.34438,0.28664
-0.46927,0.34438,0.28664
-0.46917,0.34249,0.28828
-0.46917,0.34249,0.28828
-0.46917,0.34249,0.28828
-0.46917,0.34249,0.28828
-0.46917,0.34249,0.28828
-0.46917,0.34249,0.28828
-0.46908,0.34063,0.29007
-0.46908,0.34063,0.29007
-0.46908,0.34063,0.29007
-0.46908,0.34063,0.29007
-0.46908,0.34063,0.29007
-0.46901,0.33879,0.29213
-0.46901,0.33879,0.29213
-0.46901,0.33879,0.29213
-0.46901,0.33879,0.29213
-0.46901,0.33879,0.29213
-0.46892,0.33701,0.29404
-0.46892,0.33701,0.29404
-0.46892,0.33701,0.29404
-0.46892,0.33701,0.29404
-0.46892,0.33701,0.29404
-0.46878,0.33521,0.29571
-0.46878,0.33521,0.29571
-0.46878,0.33521,0.29571
-0.46878,0.33521,0.29571
-0.46878,0.33521,0.29571
-0.46863,0.33340,0.29759
-0.46863,0.33340,0.29759
-0.46863,0.33340,0.29759
-0.46863,0.33340,0.29759
-0.46863,0.33340,0.29759
-0.46857,0.33159,0.29970
-0.46857,0.33159,0.29970
-0.46857,0.33159,0.29970
-0.46857,0.33159,0.29970
-0.46857,0.33159,0.29970
-0.46845,0.32976,0.30150
-0.46845,0.32976,0.30150
-0.46845,0.32976,0.30150
-0.46845,0.32976,0.30150
-0.46845,0.32976,0.30150
-0.46833,0.32793,0.30330
-0.46833,0.32793,0.30330
-0.46833,0.32793,0.30330
-0.46833,0.32793,0.30330
-0.46833,0.32793,0.30330
-0.46818,0.32605,0.30536
-0.46818,0.32605,0.30536
-0.46818,0.32605,0.30536
-0.46818,0.32605,0.30536
-0.46818,0.32605,0.30536
-0.46803,0.32417,0.30741
-0.46803,0.32417,0.30741
-0.46803,0.32417,0.30741
-0.46803,0.32417,0.30741
-0.46803,0.32417,0.30741
-0.46783,0.32234,0.30919
-0.46783,0.32234,0.30919
-0.46783,0.32234,0.30919
-0.46783,0.32234,0.30919
-0.46783,0.32234,0.30919
-0.46765,0.32055,0.31109
-0.46765,0.32055,0.31109
-0.46765,0.32055,0.31109
-0.46765,0.32055,0.31109
-0.46765,0.32055,0.31109
-0.46754,0.31878,0.31332
-0.46754,0.31878,0.31332
-0.46754,0.31878,0.31332
-0.46754,0.31878,0.31332
-0.46754,0.31878,0.31332
-0.46745,0.31698,0.31536
-0.46745,0.31698,0.31536
-0.46745,0.31698,0.31536
-0.46745,0.31698,0.31536
-0.46745,0.31698,0.31536
-0.46737,0.31522,0.31721
-0.46737,0.31522,0.31721
-0.46737,0.31522,0.31721
-0.46737,0.31522,0.31721
-0.46737,0.31522,0.31721
-0.46731,0.31346,0.31930
-0.46731,0.31346,0.31930
-0.46731,0.31346,0.31930
-0.46731,0.31346,0.31930
-0.46731,0.31346,0.31930
-0.46725,0.31167,0.32153
-0.46725,0.31167,0.32153
-0.46725,0.31167,0.32153
-0.46725,0.31167,0.32153
-0.46721,0.30993,0.32355
-0.46721,0.30993,0.32355
-0.46721,0.30993,0.32355
-0.46721,0.30993,0.32355
-0.46721,0.30993,0.32355
-0.46710,0.30821,0.32550
-0.46710,0.30821,0.32550
-0.46710,0.30821,0.32550
-0.46710,0.30821,0.32550
-0.46710,0.30821,0.32550
-0.46710,0.30821,0.32550
-0.46702,0.30649,0.32771
-0.46702,0.30649,0.32771
-0.46702,0.30649,0.32771
-0.46702,0.30649,0.32771
-0.46702,0.30649,0.32771
-0.46694,0.30472,0.32994
-0.46694,0.30472,0.32994
-0.46694,0.30472,0.32994
-0.46694,0.30472,0.32994
-0.46694,0.30472,0.32994
-0.46688,0.30297,0.33193
-0.46688,0.30297,0.33193
-0.46688,0.30297,0.33193
-0.46688,0.30297,0.33193
-0.46688,0.30297,0.33193
-0.46678,0.30123,0.33389
-0.46678,0.30123,0.33389
-0.46678,0.30123,0.33389
-0.46678,0.30123,0.33389
-0.46678,0.30123,0.33389
-0.46670,0.29947,0.33611
-0.46670,0.29947,0.33611
-0.46670,0.29947,0.33611
-0.46670,0.29947,0.33611
-0.46670,0.29947,0.33611
-0.46665,0.29770,0.33830
-0.46665,0.29770,0.33830
-0.46665,0.29770,0.33830
-0.46665,0.29770,0.33830
-0.46665,0.29770,0.33830
-0.46658,0.29597,0.34023
-0.46658,0.29597,0.34023
-0.46658,0.29597,0.34023
-0.46658,0.29597,0.34023
-0.46658,0.29597,0.34023
-0.46650,0.29428,0.34228
-0.46650,0.29428,0.34228
-0.46650,0.29428,0.34228
-0.46650,0.29428,0.34228
-0.46650,0.29428,0.34228
-0.46648,0.29257,0.34459
-0.46648,0.29257,0.34459
-0.46648,0.29257,0.34459
-0.46648,0.29257,0.34459
-0.46648,0.29257,0.34459
-0.46649,0.29080,0.34673
-0.46649,0.29080,0.34673
-0.46649,0.29080,0.34673
-0.46649,0.29080,0.34673
-0.46649,0.29080,0.34673
-0.46649,0.28909,0.34872
-0.46649,0.28909,0.34872
-0.46649,0.28909,0.34872
-0.46649,0.28909,0.34872
-0.46649,0.28909,0.34872
-0.46648,0.28739,0.35082
-0.46648,0.28739,0.35082
-0.46648,0.28739,0.35082
-0.46648,0.28739,0.35082
-0.46648,0.28739,0.35082
-0.46650,0.28565,0.35308
-0.46650,0.28565,0.35308
-0.46650,0.28565,0.35308
-0.46650,0.28565,0.35308
-0.46649,0.28393,0.35522
-0.46649,0.28393,0.35522
-0.46649,0.28393,0.35522
-0.46649,0.28393,0.35522
-0.46649,0.28393,0.35522
-0.46643,0.28225,0.35717
-0.46643,0.28225,0.35717
-0.46643,0.28225,0.35717
-0.46643,0.28225,0.35717
-0.46643,0.28225,0.35717
-0.46643,0.28225,0.35717
-0.46638,0.28056,0.35924
-0.46638,0.28056,0.35924
-0.46638,0.28056,0.35924
-0.46638,0.28056,0.35924
-0.46638,0.28056,0.35924
-0.46636,0.27881,0.36149
-0.46636,0.27881,0.36149
-0.46636,0.27881,0.36149
-0.46636,0.27881,0.36149
-0.46636,0.27881,0.36149
-0.46637,0.27705,0.36362
-0.46637,0.27705,0.36362
-0.46637,0.27705,0.36362
-0.46637,0.27705,0.36362
-0.46637,0.27705,0.36362
-0.46638,0.27534,0.36560
-0.46638,0.27534,0.36560
-0.46638,0.27534,0.36560
-0.46638,0.27534,0.36560
-0.46638,0.27534,0.36560
-0.46640,0.27361,0.36767
-0.46640,0.27361,0.36767
-0.46640,0.27361,0.36767
-0.46640,0.27361,0.36767
-0.46640,0.27361,0.36767
-0.46643,0.27187,0.36990
-0.46643,0.27187,0.36990
-0.46643,0.27187,0.36990
-0.46643,0.27187,0.36990
-0.46643,0.27187,0.36990
-0.46647,0.27017,0.37209
-0.46647,0.27017,0.37209
-0.46647,0.27017,0.37209
-0.46647,0.27017,0.37209
-0.46647,0.27017,0.37209
-0.46648,0.26853,0.37409
-0.46648,0.26853,0.37409
-0.46648,0.26853,0.37409
-0.46648,0.26853,0.37409
-0.46648,0.26853,0.37409
-0.46649,0.26687,0.37613
-0.46649,0.26687,0.37613
-0.46649,0.26687,0.37613
-0.46649,0.26687,0.37613
-0.46649,0.26687,0.37613
-0.46656,0.26512,0.37833
-0.46656,0.26512,0.37833
-0.46656,0.26512,0.37833
-0.46656,0.26512,0.37833
-0.46656,0.26512,0.37833
-0.46665,0.26336,0.38054
-0.46665,0.26336,0.38054
-0.46665,0.26336,0.38054
-0.46665,0.26336,0.38054
-0.46665,0.26336,0.38054
-0.46671,0.26162,0.38257
-0.46671,0.26162,0.38257
-0.46671,0.26162,0.38257
-0.46671,0.26162,0.38257
-0.46671,0.26162,0.38257
-0.46675,0.25988,0.38454
-0.46675,0.25988,0.38454
-0.46675,0.25988,0.38454
-0.46675,0.25988,0.38454
-0.46675,0.25988,0.38454
-0.46677,0.25814,0.38664
-0.46677,0.25814,0.38664
-0.46677,0.25814,0.38664
-0.46677,0.25814,0.38664
-0.46677,0.25814,0.38664
-0.46680,0.25644,0.38884
-0.46680,0.25644,0.38884
-0.46680,0.25644,0.38884
-0.46680,0.25644,0.38884
-0.46680,0.25644,0.38884
-0.46683,0.25473,0.39091
-0.46683,0.25473,0.39091
-0.46683,0.25473,0.39091
-0.46683,0.25473,0.39091
-0.46689,0.25301,0.39288
-0.46689,0.25301,0.39288
-0.46689,0.25301,0.39288
-0.46689,0.25301,0.39288
-0.46689,0.25301,0.39288
-0.46696,0.25126,0.39490
-0.46696,0.25126,0.39490
-0.46696,0.25126,0.39490
-0.46696,0.25126,0.39490
-0.46696,0.25126,0.39490
-0.46696,0.25126,0.39490
-0.46703,0.24948,0.39699
-0.46703,0.24948,0.39699
-0.46703,0.24948,0.39699
-0.46703,0.24948,0.39699
-0.46711,0.24770,0.39912
-0.46711,0.24770,0.39912
-0.46711,0.24770,0.39912
-0.46711,0.24770,0.39912
-0.46711,0.24770,0.39912
-0.46711,0.24770,0.39912
-0.46719,0.24596,0.40114
-0.46719,0.24596,0.40114
-0.46719,0.24596,0.40114
-0.46719,0.24596,0.40114
-0.46719,0.24596,0.40114
-0.46725,0.24424,0.40309
-0.46725,0.24424,0.40309
-0.46725,0.24424,0.40309
-0.46725,0.24424,0.40309
-0.46725,0.24424,0.40309
-0.46731,0.24251,0.40511
-0.46731,0.24251,0.40511
-0.46731,0.24251,0.40511
-0.46731,0.24251,0.40511
-0.46731,0.24251,0.40511
-0.46741,0.24073,0.40723
-0.46741,0.24073,0.40723
-0.46741,0.24073,0.40723
-0.46741,0.24073,0.40723
-0.46741,0.24073,0.40723
-0.46753,0.23892,0.40932
-0.46753,0.23892,0.40932
-0.46753,0.23892,0.40932
-0.46753,0.23892,0.40932
-0.46753,0.23892,0.40932
-0.46766,0.23713,0.41129
-0.46766,0.23713,0.41129
-0.46766,0.23713,0.41129
-0.46766,0.23713,0.41129
-0.46766,0.23713,0.41129
-0.46776,0.23537,0.41321
-0.46776,0.23537,0.41321
-0.46776,0.23537,0.41321
-0.46776,0.23537,0.41321
-0.46776,0.23537,0.41321
-0.46783,0.23362,0.41520
-0.46783,0.23362,0.41520
-0.46783,0.23362,0.41520
-0.46783,0.23362,0.41520
-0.46783,0.23362,0.41520
-0.46790,0.23184,0.41724
-0.46790,0.23184,0.41724
-0.46790,0.23184,0.41724
-0.46790,0.23184,0.41724
-0.46790,0.23184,0.41724
-0.46798,0.23002,0.41928
-0.46798,0.23002,0.41928
-0.46798,0.23002,0.41928
-0.46798,0.23002,0.41928
-0.46798,0.23002,0.41928
-0.46808,0.22819,0.42120
-0.46808,0.22819,0.42120
-0.46808,0.22819,0.42120
-0.46808,0.22819,0.42120
-0.46819,0.22635,0.42306
-0.46819,0.22635,0.42306
-0.46819,0.22635,0.42306
-0.46819,0.22635,0.42306
-0.46819,0.22635,0.42306
-0.46827,0.22451,0.42495
-0.46827,0.22451,0.42495
-0.46827,0.22451,0.42495
-0.46827,0.22451,0.42495
-0.46827,0.22451,0.42495
-0.46827,0.22451,0.42495
-0.46832,0.22268,0.42690
-0.46832,0.22268,0.42690
-0.46832,0.22268,0.42690
-0.46832,0.22268,0.42690
-0.46836,0.22085,0.42886
-0.46836,0.22085,0.42886
-0.46836,0.22085,0.42886
-0.46836,0.22085,0.42886
-0.46836,0.22085,0.42886
-0.46836,0.22085,0.42886
-0.46842,0.21900,0.43075
-0.46842,0.21900,0.43075
-0.46842,0.21900,0.43075
-0.46842,0.21900,0.43075
-0.46842,0.21900,0.43075
-0.46851,0.21713,0.43255
-0.46851,0.21713,0.43255
-0.46851,0.21713,0.43255
-0.46851,0.21713,0.43255
-0.46861,0.21523,0.43433
-0.46861,0.21523,0.43433
-0.46861,0.21523,0.43433
-0.46861,0.21523,0.43433
-0.46861,0.21523,0.43433
-0.46869,0.21332,0.43617
-0.46869,0.21332,0.43617
-0.46869,0.21332,0.43617
-0.46869,0.21332,0.43617
-0.46869,0.21332,0.43617
-0.46869,0.21332,0.43617
-0.46875,0.21141,0.43804
-0.46875,0.21141,0.43804
-0.46875,0.21141,0.43804
-0.46875,0.21141,0.43804
-0.46875,0.21141,0.43804
-0.46879,0.20953,0.43988
-0.46879,0.20953,0.43988
-0.46879,0.20953,0.43988
-0.46879,0.20953,0.43988
-0.46879,0.20953,0.43988
-0.46884,0.20764,0.44166
-0.46884,0.20764,0.44166
-0.46884,0.20764,0.44166
-0.46884,0.20764,0.44166
-0.46884,0.20764,0.44166
-0.46891,0.20572,0.44338
-0.46891,0.20572,0.44338
-0.46891,0.20572,0.44338
-0.46891,0.20572,0.44338
-0.46891,0.20572,0.44338
-0.46900,0.20372,0.44511
-0.46900,0.20372,0.44511
-0.46900,0.20372,0.44511
-0.46900,0.20372,0.44511
-0.46900,0.20372,0.44511
-0.46906,0.20175,0.44688
-0.46906,0.20175,0.44688
-0.46906,0.20175,0.44688
-0.46906,0.20175,0.44688
-0.46906,0.20175,0.44688
-0.46909,0.19979,0.44866
-0.46909,0.19979,0.44866
-0.46909,0.19979,0.44866
-0.46909,0.19979,0.44866
-0.46909,0.19979,0.44866
-0.46912,0.19784,0.45038
-0.46912,0.19784,0.45038
-0.46912,0.19784,0.45038
-0.46912,0.19784,0.45038
-0.46912,0.19784,0.45038
-0.46916,0.19588,0.45206
-0.46916,0.19588,0.45206
-0.46916,0.19588,0.45206
-0.46916,0.19588,0.45206
-0.46916,0.19588,0.45206
-0.46922,0.19387,0.45372
-0.46922,0.19387,0.45372
-0.46922,0.19387,0.45372
-0.46922,0.19387,0.45372
-0.46922,0.19387,0.45372
-0.46929,0.19182,0.45537
-0.46929,0.19182,0.45537
-0.46929,0.19182,0.45537
-0.46929,0.19182,0.45537
-0.46929,0.19182,0.45537
-0.46933,0.18981,0.45704
-0.46933,0.18981,0.45704
-0.46933,0.18981,0.45704
-0.46933,0.18981,0.45704
-0.46933,0.18981,0.45704
-0.46935,0.18779,0.45873
-0.46935,0.18779,0.45873
-0.46935,0.18779,0.45873
-0.46935,0.18779,0.45873
-0.46937,0.18576,0.46035
-0.46937,0.18576,0.46035
-0.46937,0.18576,0.46035
-0.46937,0.18576,0.46035
-0.46937,0.18576,0.46035
-0.46937,0.18576,0.46035
-0.46940,0.18371,0.46195
-0.46940,0.18371,0.46195
-0.46940,0.18371,0.46195
-0.46940,0.18371,0.46195
-0.46940,0.18371,0.46195
-0.46945,0.18161,0.46352
-0.46945,0.18161,0.46352
-0.46945,0.18161,0.46352
-0.46945,0.18161,0.46352
-0.46948,0.17954,0.46507
-0.46948,0.17954,0.46507
-0.46948,0.17954,0.46507
-0.46948,0.17954,0.46507
-0.46948,0.17954,0.46507
-0.46951,0.17746,0.46663
-0.46951,0.17746,0.46663
-0.46951,0.17746,0.46663
-0.46951,0.17746,0.46663
-0.46951,0.17746,0.46663
-0.46951,0.17746,0.46663
-0.46953,0.17532,0.46822
-0.46953,0.17532,0.46822
-0.46953,0.17532,0.46822
-0.46953,0.17532,0.46822
-0.46955,0.17318,0.46978
-0.46955,0.17318,0.46978
-0.46955,0.17318,0.46978
-0.46955,0.17318,0.46978
-0.46955,0.17318,0.46978
-0.46959,0.17102,0.47127
-0.46959,0.17102,0.47127
-0.46959,0.17102,0.47127
-0.46959,0.17102,0.47127
-0.46959,0.17102,0.47127
-0.46962,0.16893,0.47271
-0.46962,0.16893,0.47271
-0.46962,0.16893,0.47271
-0.46962,0.16893,0.47271
-0.46962,0.16893,0.47271
-0.46962,0.16893,0.47271
-0.46965,0.16683,0.47416
-0.46965,0.16683,0.47416
-0.46965,0.16683,0.47416
-0.46965,0.16683,0.47416
-0.46965,0.16683,0.47416
-0.46969,0.16465,0.47561
-0.46969,0.16465,0.47561
-0.46969,0.16465,0.47561
-0.46969,0.16465,0.47561
-0.46969,0.16465,0.47561
-0.46973,0.16243,0.47707
-0.46973,0.16243,0.47707
-0.46973,0.16243,0.47707
-0.46973,0.16243,0.47707
-0.46973,0.16243,0.47707
-0.46974,0.16020,0.47853
-0.46974,0.16020,0.47853
-0.46974,0.16020,0.47853
-0.46974,0.16020,0.47853
-0.46974,0.16020,0.47853
-0.46974,0.15805,0.47993
-0.46974,0.15805,0.47993
-0.46974,0.15805,0.47993
-0.46974,0.15805,0.47993
-0.46974,0.15805,0.47993
-0.46975,0.15591,0.48128
-0.46975,0.15591,0.48128
-0.46975,0.15591,0.48128
-0.46975,0.15591,0.48128
-0.46975,0.15591,0.48128
-0.46977,0.15371,0.48260
-0.46977,0.15371,0.48260
-0.46977,0.15371,0.48260
-0.46977,0.15371,0.48260
-0.46977,0.15371,0.48260
-0.46980,0.15143,0.48391
-0.46980,0.15143,0.48391
-0.46980,0.15143,0.48391
-0.46980,0.15143,0.48391
-0.46980,0.15143,0.48391
-0.46983,0.14915,0.48522
-0.46983,0.14915,0.48522
-0.46983,0.14915,0.48522
-0.46983,0.14915,0.48522
-0.46983,0.14694,0.48654
-0.46983,0.14694,0.48654
-0.46983,0.14694,0.48654
-0.46983,0.14694,0.48654
-0.46983,0.14694,0.48654
-0.46983,0.14694,0.48654
-0.46980,0.14474,0.48788
-0.46980,0.14474,0.48788
-0.46980,0.14474,0.48788
-0.46980,0.14474,0.48788
-0.46980,0.14474,0.48788
-0.46979,0.14251,0.48915
-0.46979,0.14251,0.48915
-0.46979,0.14251,0.48915
-0.46979,0.14251,0.48915
-0.46979,0.14251,0.48915
-0.46984,0.14018,0.49037
-0.46984,0.14018,0.49037
-0.46984,0.14018,0.49037
-0.46984,0.14018,0.49037
-0.46984,0.14018,0.49037
-0.46988,0.13789,0.49156
-0.46988,0.13789,0.49156
-0.46988,0.13789,0.49156
-0.46988,0.13789,0.49156
-0.46988,0.13789,0.49156
-0.46992,0.13565,0.49272
-0.46992,0.13565,0.49272
-0.46992,0.13565,0.49272
-0.46992,0.13565,0.49272
-0.46992,0.13565,0.49272
-0.46996,0.13340,0.49385
-0.46996,0.13340,0.49385
-0.46996,0.13340,0.49385
-0.46996,0.13340,0.49385
-0.46996,0.13340,0.49385
-0.46997,0.13108,0.49502
-0.46997,0.13108,0.49502
-0.46997,0.13108,0.49502
-0.46997,0.13108,0.49502
-0.46997,0.13108,0.49502
-0.46998,0.12873,0.49621
-0.46998,0.12873,0.49621
-0.46998,0.12873,0.49621
-0.46998,0.12873,0.49621
-0.46998,0.12873,0.49621
-0.46997,0.12643,0.49736
-0.46997,0.12643,0.49736
-0.46997,0.12643,0.49736
-0.46997,0.12643,0.49736
-0.46997,0.12643,0.49736
-0.46998,0.12414,0.49844
-0.46998,0.12414,0.49844
-0.46998,0.12414,0.49844
-0.46998,0.12414,0.49844
-0.46998,0.12414,0.49844
-0.46999,0.12182,0.49947
-0.46999,0.12182,0.49947
-0.46999,0.12182,0.49947
-0.46999,0.12182,0.49947
-0.47003,0.11943,0.50050
-0.47003,0.11943,0.50050
-0.47003,0.11943,0.50050
-0.47003,0.11943,0.50050
-0.47003,0.11943,0.50050
-0.47003,0.11943,0.50050
-0.47005,0.11708,0.50148
-0.47005,0.11708,0.50148
-0.47005,0.11708,0.50148
-0.47005,0.11708,0.50148
-0.47007,0.11475,0.50244
-0.47007,0.11475,0.50244
-0.47007,0.11475,0.50244
-0.47007,0.11475,0.50244
-0.47007,0.11475,0.50244
-0.47006,0.11241,0.50339
-0.47006,0.11241,0.50339
-0.47006,0.11241,0.50339
-0.47006,0.11241,0.50339
-0.47006,0.11241,0.50339
-0.47007,0.10999,0.50438
-0.47007,0.10999,0.50438
-0.47007,0.10999,0.50438
-0.47007,0.10999,0.50438
-0.47007,0.10999,0.50438
-0.47007,0.10999,0.50438
-0.47007,0.10757,0.50533
-0.47007,0.10757,0.50533
-0.47007,0.10757,0.50533
-0.47007,0.10757,0.50533
-0.47007,0.10757,0.50533
-0.47008,0.10518,0.50626
-0.47008,0.10518,0.50626
-0.47008,0.10518,0.50626
-0.47008,0.10518,0.50626
-0.47008,0.10518,0.50626
-0.47010,0.10278,0.50714
-0.47010,0.10278,0.50714
-0.47010,0.10278,0.50714
-0.47010,0.10278,0.50714
-0.47010,0.10278,0.50714
-0.47014,0.10035,0.50800
-0.47014,0.10035,0.50800
-0.47014,0.10035,0.50800
-0.47014,0.10035,0.50800
-0.47014,0.10035,0.50800
-0.47017,0.09793,0.50883
-0.47017,0.09793,0.50883
-0.47017,0.09793,0.50883
-0.47017,0.09793,0.50883
-0.47017,0.09793,0.50883
-0.47023,0.09551,0.50963
-0.47023,0.09551,0.50963
-0.47023,0.09551,0.50963
-0.47023,0.09551,0.50963
-0.47023,0.09551,0.50963
-0.47029,0.09307,0.51037
-0.47029,0.09307,0.51037
-0.47029,0.09307,0.51037
-0.47029,0.09307,0.51037
-0.47029,0.09307,0.51037
-0.47034,0.09060,0.51110
-0.47034,0.09060,0.51110
-0.47034,0.09060,0.51110
-0.47034,0.09060,0.51110
-0.47034,0.09060,0.51110
-0.47039,0.08813,0.51183
-0.47039,0.08813,0.51183
-0.47039,0.08813,0.51183
-0.47039,0.08813,0.51183
-0.47039,0.08813,0.51183
-0.47043,0.08568,0.51250
-0.47043,0.08568,0.51250
-0.47043,0.08568,0.51250
-0.47043,0.08568,0.51250
-0.47043,0.08568,0.51250
-0.47047,0.08321,0.51318
-0.47047,0.08321,0.51318
-0.47047,0.08321,0.51318
-0.47047,0.08321,0.51318
-0.47047,0.08321,0.51318
-0.47052,0.08070,0.51385
-0.47052,0.08070,0.51385
-0.47052,0.08070,0.51385
-0.47052,0.08070,0.51385
-0.47052,0.08070,0.51385
-0.47054,0.07820,0.51450
-0.47054,0.07820,0.51450
-0.47054,0.07820,0.51450
-0.47054,0.07820,0.51450
-0.47054,0.07820,0.51450
-0.47057,0.07570,0.51513
-0.47057,0.07570,0.51513
-0.47057,0.07570,0.51513
-0.47057,0.07570,0.51513
-0.47057,0.07570,0.51513
-0.47061,0.07319,0.51571
-0.47061,0.07319,0.51571
-0.47061,0.07319,0.51571
-0.47061,0.07319,0.51571
-0.47061,0.07319,0.51571
-0.47064,0.07065,0.51627
-0.47064,0.07065,0.51627
-0.47064,0.07065,0.51627
-0.47064,0.07065,0.51627
-0.47068,0.06813,0.51680
-0.47068,0.06813,0.51680
-0.47068,0.06813,0.51680
-0.47068,0.06813,0.51680
-0.47068,0.06813,0.51680
-0.47068,0.06813,0.51680
-0.47074,0.06562,0.51730
-0.47074,0.06562,0.51730
-0.47074,0.06562,0.51730
-0.47074,0.06562,0.51730
-0.47074,0.06562,0.51730
-0.47079,0.06307,0.51775
-0.47079,0.06307,0.51775
-0.47079,0.06307,0.51775
-0.47079,0.06307,0.51775
-0.47079,0.06307,0.51775
-0.47084,0.06051,0.51820
-0.47084,0.06051,0.51820
-0.47084,0.06051,0.51820
-0.47084,0.06051,0.51820
-0.47084,0.06051,0.51820
-0.47093,0.05796,0.51863
-0.47093,0.05796,0.51863
-0.47093,0.05796,0.51863
-0.47093,0.05796,0.51863
-0.47093,0.05796,0.51863
-0.47103,0.05541,0.51900
-0.47103,0.05541,0.51900
-0.47103,0.05541,0.51900
-0.47103,0.05541,0.51900
-0.47103,0.05541,0.51900
-0.47112,0.05282,0.51934
-0.47112,0.05282,0.51934
-0.47112,0.05282,0.51934
-0.47112,0.05282,0.51934
-0.47112,0.05282,0.51934
-0.47117,0.05023,0.51969
-0.47117,0.05023,0.51969
-0.47117,0.05023,0.51969
-0.47117,0.05023,0.51969
-0.47117,0.05023,0.51969
-0.47124,0.04766,0.52000
-0.47124,0.04766,0.52000
-0.47124,0.04766,0.52000
-0.47124,0.04766,0.52000
-0.47124,0.04766,0.52000
-0.47134,0.04508,0.52026
-0.47134,0.04508,0.52026
-0.47134,0.04508,0.52026
-0.47134,0.04508,0.52026
-0.47143,0.04246,0.52050
-0.47143,0.04246,0.52050
-0.47143,0.04246,0.52050
-0.47143,0.04246,0.52050
-0.47143,0.04246,0.52050
-0.47143,0.04246,0.52050
-0.47152,0.03986,0.52074
-0.47152,0.03986,0.52074
-0.47152,0.03986,0.52074
-0.47152,0.03986,0.52074
-0.47158,0.03725,0.52095
-0.47158,0.03725,0.52095
-0.47158,0.03725,0.52095
-0.47158,0.03725,0.52095
-0.47158,0.03725,0.52095
-0.47163,0.03463,0.52110
-0.47163,0.03463,0.52110
-0.47163,0.03463,0.52110
-0.47163,0.03463,0.52110
-0.47163,0.03463,0.52110
-0.47163,0.03463,0.52110
-0.47169,0.03201,0.52124
-0.47169,0.03201,0.52124
-0.47169,0.03201,0.52124
-0.47169,0.03201,0.52124
-0.47178,0.02939,0.52136
-0.47178,0.02939,0.52136
-0.47178,0.02939,0.52136
-0.47178,0.02939,0.52136
-0.47178,0.02939,0.52136
-0.47188,0.02677,0.52145
-0.47188,0.02677,0.52145
-0.47188,0.02677,0.52145
-0.47188,0.02677,0.52145
-0.47188,0.02677,0.52145
-0.47188,0.02677,0.52145
-0.47200,0.02413,0.52150
-0.47200,0.02413,0.52150
-0.47200,0.02413,0.52150
-0.47200,0.02413,0.52150
-0.47200,0.02413,0.52150
-0.47211,0.02150,0.52154
-0.47211,0.02150,0.52154
-0.47211,0.02150,0.52154
-0.47211,0.02150,0.52154
-0.47211,0.02150,0.52154
-0.47222,0.01886,0.52155
-0.47222,0.01886,0.52155
-0.47222,0.01886,0.52155
-0.47222,0.01886,0.52155
-0.47222,0.01886,0.52155
-0.47232,0.01622,0.52154
-0.47232,0.01622,0.52154
-0.47232,0.01622,0.52154
-0.47232,0.01622,0.52154
-0.47232,0.01622,0.52154
-0.47242,0.01358,0.52152
-0.47242,0.01358,0.52152
-0.47242,0.01358,0.52152
-0.47242,0.01358,0.52152
-0.47242,0.01358,0.52152
-0.47249,0.01094,0.52150
-0.47249,0.01094,0.52150
-0.47249,0.01094,0.52150
-0.47249,0.01094,0.52150
-0.47249,0.01094,0.52150
-0.47256,0.00830,0.52147
-0.47256,0.00830,0.52147
-0.47256,0.00830,0.52147
-0.47256,0.00830,0.52147
-0.47256,0.00830,0.52147
-0.47261,0.00565,0.52144
-0.47261,0.00565,0.52144
-0.47261,0.00565,0.52144
-0.47261,0.00565,0.52144
-0.47261,0.00565,0.52144
-0.47265,0.00300,0.52142
-0.47265,0.00300,0.52142
-0.47265,0.00300,0.52142
-0.47265,0.00300,0.52142
-0.47265,0.00300,0.52142
-0.47267,0.00034,0.52139
-0.47267,0.00034,0.52139
-0.47267,0.00034,0.52139
-0.47267,0.00034,0.52139
-0.47267,0.00034,0.52139
-0.47268,-0.00231,0.52136
-0.47268,-0.00231,0.52136
-0.47268,-0.00231,0.52136
-0.47268,-0.00231,0.52136
-0.47268,-0.00231,0.52136
-0.47267,-0.00496,0.52134
-0.47267,-0.00496,0.52134
-0.47267,-0.00496,0.52134
-0.47267,-0.00496,0.52134
-0.47267,-0.00496,0.52134
-0.47264,-0.00760,0.52131
-0.47264,-0.00760,0.52131
-0.47264,-0.00760,0.52131
-0.47264,-0.00760,0.52131
-0.47264,-0.00760,0.52131
-0.47261,-0.01024,0.52127
-0.47261,-0.01024,0.52127
-0.47261,-0.01024,0.52127
-0.47261,-0.01024,0.52127
-0.47261,-0.01024,0.52127
-0.47256,-0.01289,0.52123
-0.47256,-0.01289,0.52123
-0.47256,-0.01289,0.52123
-0.47256,-0.01289,0.52123
-0.47256,-0.01289,0.52123
-0.47250,-0.01553,0.52118
-0.47250,-0.01553,0.52118
-0.47250,-0.01553,0.52118
-0.47250,-0.01553,0.52118
-0.47250,-0.01553,0.52118
-0.47244,-0.01817,0.52110
-0.47244,-0.01817,0.52110
-0.47244,-0.01817,0.52110
-0.47244,-0.01817,0.52110
-0.47244,-0.01817,0.52110
-0.47237,-0.02081,0.52101
-0.47237,-0.02081,0.52101
-0.47237,-0.02081,0.52101
-0.47237,-0.02081,0.52101
-0.47237,-0.02081,0.52101
-0.47228,-0.02343,0.52091
-0.47228,-0.02343,0.52091
-0.47228,-0.02343,0.52091
-0.47228,-0.02343,0.52091
-0.47228,-0.02343,0.52091
-0.47219,-0.02605,0.52078
-0.47219,-0.02605,0.52078
-0.47219,-0.02605,0.52078
-0.47219,-0.02605,0.52078
-0.47219,-0.02605,0.52078
-0.47210,-0.02866,0.52063
-0.47210,-0.02866,0.52063
-0.47210,-0.02866,0.52063
-0.47210,-0.02866,0.52063
-0.47210,-0.02866,0.52063
-0.47200,-0.03129,0.52045
-0.47200,-0.03129,0.52045
-0.47200,-0.03129,0.52045
-0.47200,-0.03129,0.52045
-0.47200,-0.03129,0.52045
-0.47189,-0.03390,0.52025
-0.47189,-0.03390,0.52025
-0.47189,-0.03390,0.52025
-0.47189,-0.03390,0.52025
-0.47189,-0.03390,0.52025
-0.47179,-0.03651,0.52002
-0.47179,-0.03651,0.52002
-0.47179,-0.03651,0.52002
-0.47179,-0.03651,0.52002
-0.47179,-0.03651,0.52002
-0.47168,-0.03911,0.51977
-0.47168,-0.03911,0.51977
-0.47168,-0.03911,0.51977
-0.47168,-0.03911,0.51977
-0.47168,-0.03911,0.51977
-0.47157,-0.04171,0.51949
-0.47157,-0.04171,0.51949
-0.47157,-0.04171,0.51949
-0.47157,-0.04171,0.51949
-0.47157,-0.04171,0.51949
-0.47146,-0.04429,0.51920
-0.47146,-0.04429,0.51920
-0.47146,-0.04429,0.51920
-0.47146,-0.04429,0.51920
-0.47146,-0.04429,0.51920
-0.47135,-0.04687,0.51888
-0.47135,-0.04687,0.51888
-0.47135,-0.04687,0.51888
-0.47135,-0.04687,0.51888
-0.47135,-0.04687,0.51888
-0.47124,-0.04946,0.51853
-0.47124,-0.04946,0.51853
-0.47124,-0.04946,0.51853
-0.47124,-0.04946,0.51853
-0.47124,-0.04946,0.51853
-0.47113,-0.05203,0.51814
-0.47113,-0.05203,0.51814
-0.47113,-0.05203,0.51814
-0.47113,-0.05203,0.51814
-0.47102,-0.05459,0.51773
-0.47102,-0.05459,0.51773
-0.47102,-0.05459,0.51773
-0.47102,-0.05459,0.51773
-0.47102,-0.05459,0.51773
-0.47091,-0.05714,0.51730
-0.47091,-0.05714,0.51730
-0.47091,-0.05714,0.51730
-0.47091,-0.05714,0.51730
-0.47091,-0.05714,0.51730
-0.47091,-0.05714,0.51730
-0.47080,-0.05970,0.51685
-0.47080,-0.05970,0.51685
-0.47080,-0.05970,0.51685
-0.47080,-0.05970,0.51685
-0.47080,-0.05970,0.51685
-0.47069,-0.06223,0.51636
-0.47069,-0.06223,0.51636
-0.47069,-0.06223,0.51636
-0.47069,-0.06223,0.51636
-0.47059,-0.06476,0.51585
-0.47059,-0.06476,0.51585
-0.47059,-0.06476,0.51585
-0.47059,-0.06476,0.51585
-0.47059,-0.06476,0.51585
-0.47050,-0.06729,0.51531
-0.47050,-0.06729,0.51531
-0.47050,-0.06729,0.51531
-0.47050,-0.06729,0.51531
-0.47050,-0.06729,0.51531
-0.47041,-0.06982,0.51475
-0.47041,-0.06982,0.51475
-0.47041,-0.06982,0.51475
-0.47041,-0.06982,0.51475
-0.47041,-0.06982,0.51475
-0.47041,-0.06982,0.51475
-0.47033,-0.07233,0.51414
-0.47033,-0.07233,0.51414
-0.47033,-0.07233,0.51414
-0.47033,-0.07233,0.51414
-0.47033,-0.07233,0.51414
-0.47022,-0.07482,0.51352
-0.47022,-0.07482,0.51352
-0.47022,-0.07482,0.51352
-0.47022,-0.07482,0.51352
-0.47022,-0.07482,0.51352
-0.47008,-0.07732,0.51291
-0.47008,-0.07732,0.51291
-0.47008,-0.07732,0.51291
-0.47008,-0.07732,0.51291
-0.47008,-0.07732,0.51291
-0.46994,-0.07981,0.51225
-0.46994,-0.07981,0.51225
-0.46994,-0.07981,0.51225
-0.46994,-0.07981,0.51225
-0.46994,-0.07981,0.51225
-0.46981,-0.08227,0.51158
-0.46981,-0.08227,0.51158
-0.46981,-0.08227,0.51158
-0.46981,-0.08227,0.51158
-0.46981,-0.08227,0.51158
-0.46966,-0.08471,0.51091
-0.46966,-0.08471,0.51091
-0.46966,-0.08471,0.51091
-0.46966,-0.08471,0.51091
-0.46966,-0.08471,0.51091
-0.46951,-0.08718,0.51021
-0.46951,-0.08718,0.51021
-0.46951,-0.08718,0.51021
-0.46951,-0.08718,0.51021
-0.46951,-0.08718,0.51021
-0.46936,-0.08963,0.50949
-0.46936,-0.08963,0.50949
-0.46936,-0.08963,0.50949
-0.46936,-0.08963,0.50949
-0.46936,-0.08963,0.50949
-0.46921,-0.09206,0.50875
-0.46921,-0.09206,0.50875
-0.46921,-0.09206,0.50875
-0.46921,-0.09206,0.50875
-0.46921,-0.09206,0.50875
-0.46908,-0.09447,0.50794
-0.46908,-0.09447,0.50794
-0.46908,-0.09447,0.50794
-0.46908,-0.09447,0.50794
-0.46908,-0.09447,0.50794
-0.46894,-0.09690,0.50713
-0.46894,-0.09690,0.50713
-0.46894,-0.09690,0.50713
-0.46894,-0.09690,0.50713
-0.46894,-0.09690,0.50713
-0.46881,-0.09931,0.50629
-0.46881,-0.09931,0.50629
-0.46881,-0.09931,0.50629
-0.46881,-0.09931,0.50629
-0.46869,-0.10168,0.50542
-0.46869,-0.10168,0.50542
-0.46869,-0.10168,0.50542
-0.46869,-0.10168,0.50542
-0.46869,-0.10168,0.50542
-0.46869,-0.10168,0.50542
-0.46858,-0.10404,0.50449
-0.46858,-0.10404,0.50449
-0.46858,-0.10404,0.50449
-0.46858,-0.10404,0.50449
-0.46858,-0.10404,0.50449
-0.46846,-0.10643,0.50358
-0.46846,-0.10643,0.50358
-0.46846,-0.10643,0.50358
-0.46846,-0.10643,0.50358
-0.46846,-0.10643,0.50358
-0.46835,-0.10878,0.50267
-0.46835,-0.10878,0.50267
-0.46835,-0.10878,0.50267
-0.46835,-0.10878,0.50267
-0.46835,-0.10878,0.50267
-0.46829,-0.11111,0.50173
-0.46829,-0.11111,0.50173
-0.46829,-0.11111,0.50173
-0.46829,-0.11111,0.50173
-0.46829,-0.11111,0.50173
-0.46824,-0.11343,0.50077
-0.46824,-0.11343,0.50077
-0.46824,-0.11343,0.50077
-0.46824,-0.11343,0.50077
-0.46824,-0.11343,0.50077
-0.46816,-0.11578,0.49982
-0.46816,-0.11578,0.49982
-0.46816,-0.11578,0.49982
-0.46816,-0.11578,0.49982
-0.46816,-0.11578,0.49982
-0.46814,-0.11809,0.49882
-0.46814,-0.11809,0.49882
-0.46814,-0.11809,0.49882
-0.46814,-0.11809,0.49882
-0.46814,-0.11809,0.49882
-0.46812,-0.12036,0.49777
-0.46812,-0.12036,0.49777
-0.46812,-0.12036,0.49777
-0.46812,-0.12036,0.49777
-0.46812,-0.12036,0.49777
-0.46813,-0.12262,0.49667
-0.46813,-0.12262,0.49667
-0.46813,-0.12262,0.49667
-0.46813,-0.12262,0.49667
-0.46813,-0.12262,0.49667
-0.46810,-0.12492,0.49556
-0.46810,-0.12492,0.49556
-0.46810,-0.12492,0.49556
-0.46810,-0.12492,0.49556
-0.46810,-0.12718,0.49440
-0.46810,-0.12718,0.49440
-0.46810,-0.12718,0.49440
-0.46810,-0.12718,0.49440
-0.46810,-0.12718,0.49440
-0.46810,-0.12939,0.49325
-0.46810,-0.12939,0.49325
-0.46810,-0.12939,0.49325
-0.46810,-0.12939,0.49325
-0.46810,-0.12939,0.49325
-0.46810,-0.12939,0.49325
-0.46807,-0.13157,0.49211
-0.46807,-0.13157,0.49211
-0.46807,-0.13157,0.49211
-0.46807,-0.13157,0.49211
-0.46807,-0.13157,0.49211
-0.46802,-0.13380,0.49096
-0.46802,-0.13380,0.49096
-0.46802,-0.13380,0.49096
-0.46802,-0.13380,0.49096
-0.46802,-0.13380,0.49096
-0.46796,-0.13601,0.48979
-0.46796,-0.13601,0.48979
-0.46796,-0.13601,0.48979
-0.46796,-0.13601,0.48979
-0.46796,-0.13601,0.48979
-0.46793,-0.13816,0.48855
-0.46793,-0.13816,0.48855
-0.46793,-0.13816,0.48855
-0.46793,-0.13816,0.48855
-0.46793,-0.13816,0.48855
-0.46790,-0.14027,0.48727
-0.46790,-0.14027,0.48727
-0.46790,-0.14027,0.48727
-0.46790,-0.14027,0.48727
-0.46790,-0.14027,0.48727
-0.46788,-0.14239,0.48596
-0.46788,-0.14239,0.48596
-0.46788,-0.14239,0.48596
-0.46788,-0.14239,0.48596
-0.46788,-0.14239,0.48596
-0.46787,-0.14458,0.48460
-0.46787,-0.14458,0.48460
-0.46787,-0.14458,0.48460
-0.46787,-0.14458,0.48460
-0.46787,-0.14458,0.48460
-0.46786,-0.14671,0.48328
-0.46786,-0.14671,0.48328
-0.46786,-0.14671,0.48328
-0.46786,-0.14671,0.48328
-0.46786,-0.14671,0.48328
-0.46786,-0.14878,0.48199
-0.46786,-0.14878,0.48199
-0.46786,-0.14878,0.48199
-0.46786,-0.14878,0.48199
-0.46788,-0.15085,0.48066
-0.46788,-0.15085,0.48066
-0.46788,-0.15085,0.48066
-0.46788,-0.15085,0.48066
-0.46788,-0.15085,0.48066
-0.46790,-0.15296,0.47928
-0.46790,-0.15296,0.47928
-0.46790,-0.15296,0.47928
-0.46790,-0.15296,0.47928
-0.46790,-0.15296,0.47928
-0.46790,-0.15296,0.47928
-0.46792,-0.15510,0.47787
-0.46792,-0.15510,0.47787
-0.46792,-0.15510,0.47787
-0.46792,-0.15510,0.47787
-0.46792,-0.15510,0.47787
-0.46797,-0.15717,0.47642
-0.46797,-0.15717,0.47642
-0.46797,-0.15717,0.47642
-0.46797,-0.15717,0.47642
-0.46797,-0.15717,0.47642
-0.46804,-0.15917,0.47491
-0.46804,-0.15917,0.47491
-0.46804,-0.15917,0.47491
-0.46804,-0.15917,0.47491
-0.46804,-0.15917,0.47491
-0.46810,-0.16116,0.47342
-0.46810,-0.16116,0.47342
-0.46810,-0.16116,0.47342
-0.46810,-0.16116,0.47342
-0.46810,-0.16116,0.47342
-0.46810,-0.16321,0.47199
-0.46810,-0.16321,0.47199
-0.46810,-0.16321,0.47199
-0.46810,-0.16321,0.47199
-0.46810,-0.16321,0.47199
-0.46808,-0.16530,0.47054
-0.46808,-0.16530,0.47054
-0.46808,-0.16530,0.47054
-0.46808,-0.16530,0.47054
-0.46808,-0.16530,0.47054
-0.46812,-0.16730,0.46901
-0.46812,-0.16730,0.46901
-0.46812,-0.16730,0.46901
-0.46812,-0.16730,0.46901
-0.46812,-0.16730,0.46901
-0.46819,-0.16921,0.46743
-0.46819,-0.16921,0.46743
-0.46819,-0.16921,0.46743
-0.46819,-0.16921,0.46743
-0.46819,-0.16921,0.46743
-0.46824,-0.17113,0.46582
-0.46824,-0.17113,0.46582
-0.46824,-0.17113,0.46582
-0.46824,-0.17113,0.46582
-0.46827,-0.17313,0.46419
-0.46827,-0.17313,0.46419
-0.46827,-0.17313,0.46419
-0.46827,-0.17313,0.46419
-0.46827,-0.17313,0.46419
-0.46825,-0.17517,0.46261
-0.46825,-0.17517,0.46261
-0.46825,-0.17517,0.46261
-0.46825,-0.17517,0.46261
-0.46825,-0.17517,0.46261
-0.46825,-0.17517,0.46261
-0.46826,-0.17707,0.46104
-0.46826,-0.17707,0.46104
-0.46826,-0.17707,0.46104
-0.46826,-0.17707,0.46104
-0.46826,-0.17707,0.46104
-0.46832,-0.17891,0.45941
-0.46832,-0.17891,0.45941
-0.46832,-0.17891,0.45941
-0.46832,-0.17891,0.45941
-0.46832,-0.17891,0.45941
-0.46840,-0.18075,0.45772
-0.46840,-0.18075,0.45772
-0.46840,-0.18075,0.45772
-0.46840,-0.18075,0.45772
-0.46840,-0.18075,0.45772
-0.46843,-0.18270,0.45601
-0.46843,-0.18270,0.45601
-0.46843,-0.18270,0.45601
-0.46843,-0.18270,0.45601
-0.46843,-0.18270,0.45601
-0.46845,-0.18470,0.45428
-0.46845,-0.18470,0.45428
-0.46845,-0.18470,0.45428
-0.46845,-0.18470,0.45428
-0.46845,-0.18470,0.45428
-0.46849,-0.18657,0.45259
-0.46849,-0.18657,0.45259
-0.46849,-0.18657,0.45259
-0.46849,-0.18657,0.45259
-0.46849,-0.18657,0.45259
-0.46856,-0.18833,0.45092
-0.46856,-0.18833,0.45092
-0.46856,-0.18833,0.45092
-0.46856,-0.18833,0.45092
-0.46856,-0.18833,0.45092
-0.46864,-0.19010,0.44919
-0.46864,-0.19010,0.44919
-0.46864,-0.19010,0.44919
-0.46864,-0.19010,0.44919
-0.46864,-0.19010,0.44919
-0.46870,-0.19196,0.44740
-0.46870,-0.19196,0.44740
-0.46870,-0.19196,0.44740
-0.46870,-0.19196,0.44740
-0.46870,-0.19196,0.44740
-0.46872,-0.19387,0.44558
-0.46872,-0.19387,0.44558
-0.46872,-0.19387,0.44558
-0.46872,-0.19387,0.44558
-0.46874,-0.19577,0.44378
-0.46874,-0.19577,0.44378
-0.46874,-0.19577,0.44378
-0.46874,-0.19577,0.44378
-0.46874,-0.19577,0.44378
-0.46874,-0.19577,0.44378
-0.46878,-0.19753,0.44203
-0.46878,-0.19753,0.44203
-0.46878,-0.19753,0.44203
-0.46878,-0.19753,0.44203
-0.46878,-0.19753,0.44203
-0.46883,-0.19925,0.44026
-0.46883,-0.19925,0.44026
-0.46883,-0.19925,0.44026
-0.46883,-0.19925,0.44026
-0.46883,-0.19925,0.44026
-0.46889,-0.20097,0.43842
-0.46889,-0.20097,0.43842
-0.46889,-0.20097,0.43842
-0.46889,-0.20097,0.43842
-0.46889,-0.20097,0.43842
-0.46892,-0.20277,0.43654
-0.46892,-0.20277,0.43654
-0.46892,-0.20277,0.43654
-0.46892,-0.20277,0.43654
-0.46892,-0.20277,0.43654
-0.46894,-0.20458,0.43467
-0.46894,-0.20458,0.43467
-0.46894,-0.20458,0.43467
-0.46894,-0.20458,0.43467
-0.46894,-0.20458,0.43467
-0.46894,-0.20638,0.43285
-0.46894,-0.20638,0.43285
-0.46894,-0.20638,0.43285
-0.46894,-0.20638,0.43285
-0.46894,-0.20638,0.43285
-0.46896,-0.20811,0.43105
-0.46896,-0.20811,0.43105
-0.46896,-0.20811,0.43105
-0.46896,-0.20811,0.43105
-0.46896,-0.20811,0.43105
-0.46898,-0.20981,0.42918
-0.46898,-0.20981,0.42918
-0.46898,-0.20981,0.42918
-0.46898,-0.20981,0.42918
-0.46898,-0.20981,0.42918
-0.46902,-0.21149,0.42726
-0.46902,-0.21149,0.42726
-0.46902,-0.21149,0.42726
-0.46902,-0.21149,0.42726
-0.46902,-0.21149,0.42726
-0.46905,-0.21319,0.42531
-0.46905,-0.21319,0.42531
-0.46905,-0.21319,0.42531
-0.46905,-0.21319,0.42531
-0.46905,-0.21319,0.42531
-0.46907,-0.21490,0.42343
-0.46907,-0.21490,0.42343
-0.46907,-0.21490,0.42343
-0.46907,-0.21490,0.42343
-0.46907,-0.21490,0.42343
-0.46905,-0.21663,0.42159
-0.46905,-0.21663,0.42159
-0.46905,-0.21663,0.42159
-0.46905,-0.21663,0.42159
-0.46905,-0.21663,0.42159
-0.46903,-0.21837,0.41970
-0.46903,-0.21837,0.41970
-0.46903,-0.21837,0.41970
-0.46903,-0.21837,0.41970
-0.46903,-0.21837,0.41970
-0.46902,-0.22003,0.41774
-0.46902,-0.22003,0.41774
-0.46902,-0.22003,0.41774
-0.46902,-0.22003,0.41774
-0.46902,-0.22003,0.41774
-0.46903,-0.22167,0.41576
-0.46903,-0.22167,0.41576
-0.46903,-0.22167,0.41576
-0.46903,-0.22167,0.41576
-0.46903,-0.22167,0.41576
-0.46904,-0.22328,0.41381
-0.46904,-0.22328,0.41381
-0.46904,-0.22328,0.41381
-0.46904,-0.22328,0.41381
-0.46904,-0.22328,0.41381
-0.46902,-0.22493,0.41194
-0.46902,-0.22493,0.41194
-0.46902,-0.22493,0.41194
-0.46902,-0.22493,0.41194
-0.46902,-0.22493,0.41194
-0.46898,-0.22660,0.41004
-0.46898,-0.22660,0.41004
-0.46898,-0.22660,0.41004
-0.46898,-0.22660,0.41004
-0.46898,-0.22660,0.41004
-0.46892,-0.22829,0.40804
-0.46892,-0.22829,0.40804
-0.46892,-0.22829,0.40804
-0.46892,-0.22829,0.40804
-0.46892,-0.22829,0.40804
-0.46886,-0.22995,0.40601
-0.46886,-0.22995,0.40601
-0.46886,-0.22995,0.40601
-0.46886,-0.22995,0.40601
-0.46886,-0.22995,0.40601
-0.46882,-0.23156,0.40402
-0.46882,-0.23156,0.40402
-0.46882,-0.23156,0.40402
-0.46882,-0.23156,0.40402
-0.46882,-0.23156,0.40402
-0.46879,-0.23314,0.40210
-0.46879,-0.23314,0.40210
-0.46879,-0.23314,0.40210
-0.46879,-0.23314,0.40210
-0.46879,-0.23314,0.40210
-0.46875,-0.23471,0.40019
-0.46875,-0.23471,0.40019
-0.46875,-0.23471,0.40019
-0.46875,-0.23471,0.40019
-0.46870,-0.23632,0.39818
-0.46870,-0.23632,0.39818
-0.46870,-0.23632,0.39818
-0.46870,-0.23632,0.39818
-0.46870,-0.23632,0.39818
-0.46863,-0.23793,0.39612
-0.46863,-0.23793,0.39612
-0.46863,-0.23793,0.39612
-0.46863,-0.23793,0.39612
-0.46863,-0.23793,0.39612
-0.46863,-0.23793,0.39612
-0.46856,-0.23954,0.39409
-0.46856,-0.23954,0.39409
-0.46856,-0.23954,0.39409
-0.46856,-0.23954,0.39409
-0.46856,-0.23954,0.39409
-0.46847,-0.24116,0.39215
-0.46847,-0.24116,0.39215
-0.46847,-0.24116,0.39215
-0.46847,-0.24116,0.39215
-0.46847,-0.24116,0.39215
-0.46840,-0.24273,0.39023
-0.46840,-0.24273,0.39023
-0.46840,-0.24273,0.39023
-0.46840,-0.24273,0.39023
-0.46840,-0.24273,0.39023
-0.46835,-0.24428,0.38824
-0.46835,-0.24428,0.38824
-0.46835,-0.24428,0.38824
-0.46835,-0.24428,0.38824
-0.46835,-0.24428,0.38824
-0.46832,-0.24579,0.38618
-0.46832,-0.24579,0.38618
-0.46832,-0.24579,0.38618
-0.46832,-0.24579,0.38618
-0.46832,-0.24579,0.38618
-0.46829,-0.24728,0.38412
-0.46829,-0.24728,0.38412
-0.46829,-0.24728,0.38412
-0.46829,-0.24728,0.38412
-0.46829,-0.24728,0.38412
-0.46824,-0.24880,0.38216
-0.46824,-0.24880,0.38216
-0.46824,-0.24880,0.38216
-0.46824,-0.24880,0.38216
-0.46824,-0.24880,0.38216
-0.46817,-0.25034,0.38024
-0.46817,-0.25034,0.38024
-0.46817,-0.25034,0.38024
-0.46817,-0.25034,0.38024
-0.46817,-0.25034,0.38024
-0.46809,-0.25189,0.37822
-0.46809,-0.25189,0.37822
-0.46809,-0.25189,0.37822
-0.46809,-0.25189,0.37822
-0.46809,-0.25189,0.37822
-0.46801,-0.25343,0.37615
-0.46801,-0.25343,0.37615
-0.46801,-0.25343,0.37615
-0.46801,-0.25343,0.37615
-0.46795,-0.25492,0.37411
-0.46795,-0.25492,0.37411
-0.46795,-0.25492,0.37411
-0.46795,-0.25492,0.37411
-0.46795,-0.25492,0.37411
-0.46795,-0.25492,0.37411
-0.46790,-0.25637,0.37214
-0.46790,-0.25637,0.37214
-0.46790,-0.25637,0.37214
-0.46790,-0.25637,0.37214
-0.46786,-0.25780,0.37020
-0.46786,-0.25780,0.37020
-0.46786,-0.25780,0.37020
-0.46786,-0.25780,0.37020
-0.46786,-0.25780,0.37020
-0.46786,-0.25780,0.37020
-0.46781,-0.25925,0.36815
-0.46781,-0.25925,0.36815
-0.46781,-0.25925,0.36815
-0.46781,-0.25925,0.36815
-0.46781,-0.25925,0.36815
-0.46772,-0.26072,0.36603
-0.46772,-0.26072,0.36603
-0.46772,-0.26072,0.36603
-0.46772,-0.26072,0.36603
-0.46772,-0.26072,0.36603
-0.46761,-0.26221,0.36395
-0.46761,-0.26221,0.36395
-0.46761,-0.26221,0.36395
-0.46761,-0.26221,0.36395
-0.46750,-0.26372,0.36200
-0.46750,-0.26372,0.36200
-0.46750,-0.26372,0.36200
-0.46750,-0.26372,0.36200
-0.46750,-0.26372,0.36200
-0.46750,-0.26372,0.36200
-0.46740,-0.26524,0.36003
-0.46740,-0.26524,0.36003
-0.46740,-0.26524,0.36003
-0.46740,-0.26524,0.36003
-0.46734,-0.26669,0.35798
-0.46734,-0.26669,0.35798
-0.46734,-0.26669,0.35798
-0.46734,-0.26669,0.35798
-0.46734,-0.26669,0.35798
-0.46730,-0.26811,0.35587
-0.46730,-0.26811,0.35587
-0.46730,-0.26811,0.35587
-0.46730,-0.26811,0.35587
-0.46730,-0.26811,0.35587
-0.46726,-0.26953,0.35383
-0.46726,-0.26953,0.35383
-0.46726,-0.26953,0.35383
-0.46726,-0.26953,0.35383
-0.46726,-0.26953,0.35383
-0.46726,-0.26953,0.35383
-0.46721,-0.27096,0.35189
-0.46721,-0.27096,0.35189
-0.46721,-0.27096,0.35189
-0.46721,-0.27096,0.35189
-0.46721,-0.27096,0.35189
-0.46713,-0.27244,0.34992
-0.46713,-0.27244,0.34992
-0.46713,-0.27244,0.34992
-0.46713,-0.27244,0.34992
-0.46713,-0.27244,0.34992
-0.46703,-0.27393,0.34785
-0.46703,-0.27393,0.34785
-0.46703,-0.27393,0.34785
-0.46703,-0.27393,0.34785
-0.46703,-0.27393,0.34785
-0.46692,-0.27543,0.34575
-0.46692,-0.27543,0.34575
-0.46692,-0.27543,0.34575
-0.46692,-0.27543,0.34575
-0.46692,-0.27543,0.34575
-0.46683,-0.27692,0.34376
-0.46683,-0.27692,0.34376
-0.46683,-0.27692,0.34376
-0.46683,-0.27692,0.34376
-0.46683,-0.27692,0.34376
-0.46676,-0.27836,0.34182
-0.46676,-0.27836,0.34182
-0.46676,-0.27836,0.34182
-0.46676,-0.27836,0.34182
-0.46676,-0.27836,0.34182
-0.46669,-0.27979,0.33981
-0.46669,-0.27979,0.33981
-0.46669,-0.27979,0.33981
-0.46669,-0.27979,0.33981
-0.46669,-0.27979,0.33981
-0.46664,-0.28119,0.33772
-0.46664,-0.28119,0.33772
-0.46664,-0.28119,0.33772
-0.46664,-0.28119,0.33772
-0.46664,-0.28119,0.33772
-0.46659,-0.28261,0.33563
-0.46659,-0.28261,0.33563
-0.46659,-0.28261,0.33563
-0.46659,-0.28261,0.33563
-0.46659,-0.28261,0.33563
-0.46651,-0.28408,0.33370
-0.46651,-0.28408,0.33370
-0.46651,-0.28408,0.33370
-0.46651,-0.28408,0.33370
-0.46642,-0.28557,0.33179
-0.46642,-0.28557,0.33179
-0.46642,-0.28557,0.33179
-0.46642,-0.28557,0.33179
-0.46642,-0.28557,0.33179
-0.46632,-0.28709,0.32975
-0.46632,-0.28709,0.32975
-0.46632,-0.28709,0.32975
-0.46632,-0.28709,0.32975
-0.46632,-0.28709,0.32975
-0.46632,-0.28709,0.32975
-0.46621,-0.28857,0.32764
-0.46621,-0.28857,0.32764
-0.46621,-0.28857,0.32764
-0.46621,-0.28857,0.32764
-0.46621,-0.28857,0.32764
-0.46614,-0.29002,0.32564
-0.46614,-0.29002,0.32564
-0.46614,-0.29002,0.32564
-0.46614,-0.29002,0.32564
-0.46614,-0.29002,0.32564
-0.46609,-0.29146,0.32374
-0.46609,-0.29146,0.32374
-0.46609,-0.29146,0.32374
-0.46609,-0.29146,0.32374
-0.46609,-0.29146,0.32374
-0.46605,-0.29289,0.32176
-0.46605,-0.29289,0.32176
-0.46605,-0.29289,0.32176
-0.46605,-0.29289,0.32176
-0.46605,-0.29289,0.32176
-0.46598,-0.29433,0.31967
-0.46598,-0.29433,0.31967
-0.46598,-0.29433,0.31967
-0.46598,-0.29433,0.31967
-0.46598,-0.29433,0.31967
-0.46589,-0.29578,0.31759
-0.46589,-0.29578,0.31759
-0.46589,-0.29578,0.31759
-0.46589,-0.29578,0.31759
-0.46589,-0.29578,0.31759
-0.46580,-0.29727,0.31568
-0.46580,-0.29727,0.31568
-0.46580,-0.29727,0.31568
-0.46580,-0.29727,0.31568
-0.46571,-0.29878,0.31378
-0.46571,-0.29878,0.31378
-0.46571,-0.29878,0.31378
-0.46571,-0.29878,0.31378
-0.46571,-0.29878,0.31378
-0.46571,-0.29878,0.31378
-0.46563,-0.30029,0.31177
-0.46563,-0.30029,0.31177
-0.46563,-0.30029,0.31177
-0.46563,-0.30029,0.31177
-0.46563,-0.30029,0.31177
-0.46553,-0.30179,0.30968
-0.46553,-0.30179,0.30968
-0.46553,-0.30179,0.30968
-0.46553,-0.30179,0.30968
-0.46553,-0.30179,0.30968
-0.46548,-0.30326,0.30773
-0.46548,-0.30326,0.30773
-0.46548,-0.30326,0.30773
-0.46548,-0.30326,0.30773
-0.46548,-0.30326,0.30773
-0.46545,-0.30475,0.30590
-0.46545,-0.30475,0.30590
-0.46545,-0.30475,0.30590
-0.46545,-0.30475,0.30590
-0.46545,-0.30475,0.30590
-0.46543,-0.30623,0.30399
-0.46543,-0.30623,0.30399
-0.46543,-0.30623,0.30399
-0.46543,-0.30623,0.30399
-0.46537,-0.30771,0.30194
-0.46537,-0.30771,0.30194
-0.46537,-0.30771,0.30194
-0.46537,-0.30771,0.30194
-0.46537,-0.30771,0.30194
-0.46537,-0.30771,0.30194
-0.46529,-0.30923,0.29996
-0.46529,-0.30923,0.29996
-0.46529,-0.30923,0.29996
-0.46529,-0.30923,0.29996
-0.46529,-0.30923,0.29996
-0.46520,-0.31078,0.29811
-0.46520,-0.31078,0.29811
-0.46520,-0.31078,0.29811
-0.46520,-0.31078,0.29811
-0.46520,-0.31078,0.29811
-0.46511,-0.31236,0.29627
-0.46511,-0.31236,0.29627
-0.46511,-0.31236,0.29627
-0.46511,-0.31236,0.29627
-0.46511,-0.31236,0.29627
-0.46500,-0.31392,0.29426
-0.46500,-0.31392,0.29426
-0.46500,-0.31392,0.29426
-0.46500,-0.31392,0.29426
-0.46500,-0.31392,0.29426
-0.46489,-0.31547,0.29225
-0.46489,-0.31547,0.29225
-0.46489,-0.31547,0.29225
-0.46489,-0.31547,0.29225
-0.46489,-0.31547,0.29225
-0.46483,-0.31702,0.29043
-0.46483,-0.31702,0.29043
-0.46483,-0.31702,0.29043
-0.46483,-0.31702,0.29043
-0.46483,-0.31702,0.29043
-0.46480,-0.31856,0.28866
-0.46480,-0.31856,0.28866
-0.46480,-0.31856,0.28866
-0.46480,-0.31856,0.28866
-0.46480,-0.31856,0.28866
-0.46476,-0.32014,0.28676
-0.46476,-0.32014,0.28676
-0.46476,-0.32014,0.28676
-0.46476,-0.32014,0.28676
-0.46476,-0.32014,0.28676
-0.46470,-0.32171,0.28481
-0.46470,-0.32171,0.28481
-0.46470,-0.32171,0.28481
-0.46470,-0.32171,0.28481
-0.46470,-0.32171,0.28481
-0.46463,-0.32336,0.28298
-0.46463,-0.32336,0.28298
-0.46463,-0.32336,0.28298
-0.46463,-0.32336,0.28298
-0.46463,-0.32336,0.28298
-0.46453,-0.32503,0.28127
-0.46453,-0.32503,0.28127
-0.46453,-0.32503,0.28127
-0.46453,-0.32503,0.28127
-0.46453,-0.32503,0.28127
-0.46445,-0.32673,0.27948
-0.46445,-0.32673,0.27948
-0.46445,-0.32673,0.27948
-0.46445,-0.32673,0.27948
-0.46445,-0.32673,0.27948
-0.46434,-0.32843,0.27754
-0.46434,-0.32843,0.27754
-0.46434,-0.32843,0.27754
-0.46434,-0.32843,0.27754
-0.46434,-0.32843,0.27754
-0.46428,-0.33007,0.27570
-0.46428,-0.33007,0.27570
-0.46428,-0.33007,0.27570
-0.46428,-0.33007,0.27570
-0.46427,-0.33173,0.27406
-0.46427,-0.33173,0.27406
-0.46427,-0.33173,0.27406
-0.46427,-0.33173,0.27406
-0.46427,-0.33173,0.27406
-0.46427,-0.33338,0.27238
-0.46427,-0.33338,0.27238
-0.46427,-0.33338,0.27238
-0.46427,-0.33338,0.27238
-0.46427,-0.33338,0.27238
-0.46427,-0.33338,0.27238
-0.46421,-0.33505,0.27053
-0.46421,-0.33505,0.27053
-0.46421,-0.33505,0.27053
-0.46421,-0.33505,0.27053
-0.46421,-0.33505,0.27053
-0.46411,-0.33675,0.26869
-0.46411,-0.33675,0.26869
-0.46411,-0.33675,0.26869
-0.46411,-0.33675,0.26869
-0.46411,-0.33675,0.26869
-0.46402,-0.33851,0.26706
-0.46402,-0.33851,0.26706
-0.46402,-0.33851,0.26706
-0.46402,-0.33851,0.26706
-0.46402,-0.33851,0.26706
-0.46395,-0.34033,0.26547
-0.46395,-0.34033,0.26547
-0.46395,-0.34033,0.26547
-0.46395,-0.34033,0.26547
-0.46395,-0.34033,0.26547
-0.46385,-0.34214,0.26373
-0.46385,-0.34214,0.26373
-0.46385,-0.34214,0.26373
-0.46385,-0.34214,0.26373
-0.46385,-0.34214,0.26373
-0.46382,-0.34392,0.26198
-0.46382,-0.34392,0.26198
-0.46382,-0.34392,0.26198
-0.46382,-0.34392,0.26198
-0.46382,-0.34392,0.26198
-0.46382,-0.34570,0.26041
-0.46382,-0.34570,0.26041
-0.46382,-0.34570,0.26041
-0.46382,-0.34570,0.26041
-0.46382,-0.34570,0.26041
-0.46382,-0.34749,0.25890
-0.46382,-0.34749,0.25890
-0.46382,-0.34749,0.25890
-0.46382,-0.34749,0.25890
-0.46382,-0.34749,0.25890
-0.46379,-0.34934,0.25727
-0.46379,-0.34934,0.25727
-0.46379,-0.34934,0.25727
-0.46379,-0.34934,0.25727
-0.46379,-0.34934,0.25727
-0.46368,-0.35122,0.25558
-0.46368,-0.35122,0.25558
-0.46368,-0.35122,0.25558
-0.46368,-0.35122,0.25558
-0.46368,-0.35122,0.25558
-0.46358,-0.35314,0.25408
-0.46358,-0.35314,0.25408
-0.46358,-0.35314,0.25408
-0.46358,-0.35314,0.25408
-0.46358,-0.35314,0.25408
-0.46349,-0.35512,0.25271
-0.46349,-0.35512,0.25271
-0.46349,-0.35512,0.25271
-0.46349,-0.35512,0.25271
-0.46349,-0.35512,0.25271
-0.46337,-0.35712,0.25125
-0.46337,-0.35712,0.25125
-0.46337,-0.35712,0.25125
-0.46337,-0.35712,0.25125
-0.46337,-0.35712,0.25125
-0.46325,-0.35907,0.24967
-0.46325,-0.35907,0.24967
-0.46325,-0.35907,0.24967
-0.46325,-0.35907,0.24967
-0.46325,-0.35907,0.24967
-0.46317,-0.36099,0.24818
-0.46317,-0.36099,0.24818
-0.46317,-0.36099,0.24818
-0.46317,-0.36099,0.24818
-0.46317,-0.36099,0.24818
-0.46314,-0.36297,0.24694
-0.46314,-0.36297,0.24694
-0.46314,-0.36297,0.24694
-0.46314,-0.36297,0.24694
-0.46314,-0.36297,0.24694
-0.46307,-0.36501,0.24569
-0.46307,-0.36501,0.24569
-0.46307,-0.36501,0.24569
-0.46307,-0.36501,0.24569
-0.46307,-0.36501,0.24569
-0.46292,-0.36711,0.24430
-0.46292,-0.36711,0.24430
-0.46292,-0.36711,0.24430
-0.46292,-0.36711,0.24430
-0.46292,-0.36711,0.24430
-0.46276,-0.36925,0.24293
-0.46276,-0.36925,0.24293
-0.46276,-0.36925,0.24293
-0.46276,-0.36925,0.24293
-0.46276,-0.36925,0.24293
-0.46266,-0.37145,0.24180
-0.46266,-0.37145,0.24180
-0.46266,-0.37145,0.24180
-0.46266,-0.37145,0.24180
-0.46264,-0.37367,0.24081
-0.46264,-0.37367,0.24081
-0.46264,-0.37367,0.24081
-0.46264,-0.37367,0.24081
-0.46264,-0.37367,0.24081
-0.46262,-0.37582,0.23966
-0.46262,-0.37582,0.23966
-0.46262,-0.37582,0.23966
-0.46262,-0.37582,0.23966
-0.46262,-0.37582,0.23966
-0.46262,-0.37582,0.23966
-0.46262,-0.37798,0.23848
-0.46262,-0.37798,0.23848
-0.46262,-0.37798,0.23848
-0.46262,-0.37798,0.23848
-0.46262,-0.37798,0.23848
-0.46260,-0.38022,0.23742
-0.46260,-0.38022,0.23742
-0.46260,-0.38022,0.23742
-0.46260,-0.38022,0.23742
-0.46260,-0.38022,0.23742
-0.46255,-0.38259,0.23658
-0.46255,-0.38259,0.23658
-0.46255,-0.38259,0.23658
-0.46255,-0.38259,0.23658
-0.46255,-0.38259,0.23658
-0.46244,-0.38498,0.23568
-0.46244,-0.38498,0.23568
-0.46244,-0.38498,0.23568
-0.46244,-0.38498,0.23568
-0.46244,-0.38498,0.23568
-0.46232,-0.38738,0.23470
-0.46232,-0.38738,0.23470
-0.46232,-0.38738,0.23470
-0.46232,-0.38738,0.23470
-0.46232,-0.38738,0.23470
-0.46223,-0.38976,0.23379
-0.46223,-0.38976,0.23379
-0.46223,-0.38976,0.23379
-0.46223,-0.38976,0.23379
-0.46223,-0.38976,0.23379
-0.46218,-0.39211,0.23299
-0.46218,-0.39211,0.23299
-0.46218,-0.39211,0.23299
-0.46218,-0.39211,0.23299
-0.46218,-0.39211,0.23299
-0.46213,-0.39446,0.23226
-0.46213,-0.39446,0.23226
-0.46213,-0.39446,0.23226
-0.46213,-0.39446,0.23226
-0.46213,-0.39446,0.23226
-0.46205,-0.39689,0.23155
-0.46205,-0.39689,0.23155
-0.46205,-0.39689,0.23155
-0.46205,-0.39689,0.23155
-0.46205,-0.39689,0.23155
-0.46190,-0.39942,0.23087
-0.46190,-0.39942,0.23087
-0.46190,-0.39942,0.23087
-0.46190,-0.39942,0.23087
-0.46190,-0.39942,0.23087
-0.46164,-0.40194,0.23013
-0.46164,-0.40194,0.23013
-0.46164,-0.40194,0.23013
-0.46164,-0.40194,0.23013
-0.46164,-0.40194,0.23013
-0.46144,-0.40446,0.22953
-0.46144,-0.40446,0.22953
-0.46144,-0.40446,0.22953
-0.46144,-0.40446,0.22953
-0.46144,-0.40446,0.22953
-0.46138,-0.40686,0.22911
-0.46138,-0.40686,0.22911
-0.46138,-0.40686,0.22911
-0.46138,-0.40686,0.22911
-0.46139,-0.40914,0.22875
-0.46139,-0.40914,0.22875
-0.46139,-0.40914,0.22875
-0.46139,-0.40914,0.22875
-0.46139,-0.40914,0.22875
-0.46139,-0.40914,0.22875
-0.46131,-0.41134,0.22831
-0.46131,-0.41134,0.22831
-0.46131,-0.41134,0.22831
-0.46131,-0.41134,0.22831
-0.46115,-0.41353,0.22789
-0.46115,-0.41353,0.22789
-0.46115,-0.41353,0.22789
-0.46115,-0.41353,0.22789
-0.46115,-0.41353,0.22789
-0.46115,-0.41353,0.22789
-0.46101,-0.41562,0.22761
-0.46101,-0.41562,0.22761
-0.46101,-0.41562,0.22761
-0.46101,-0.41562,0.22761
-0.46101,-0.41562,0.22761
-0.46091,-0.41744,0.22738
-0.46091,-0.41744,0.22738
-0.46091,-0.41744,0.22738
-0.46091,-0.41744,0.22738
-0.46091,-0.41744,0.22738
-0.46085,-0.41903,0.22720
-0.46085,-0.41903,0.22720
-0.46085,-0.41903,0.22720
-0.46085,-0.41903,0.22720
-0.46085,-0.41903,0.22720
-0.46085,-0.42039,0.22707
-0.46085,-0.42039,0.22707
-0.46085,-0.42039,0.22707
-0.46085,-0.42039,0.22707
-0.46085,-0.42039,0.22707
-0.46091,-0.42155,0.22703
-0.46091,-0.42155,0.22703
-0.46091,-0.42155,0.22703
-0.46091,-0.42155,0.22703
-0.46091,-0.42155,0.22703
-0.46100,-0.42258,0.22705
-0.46100,-0.42258,0.22705
-0.46100,-0.42258,0.22705
-0.46100,-0.42258,0.22705
-0.46110,-0.42343,0.22706
-0.46110,-0.42343,0.22706
-0.46110,-0.42343,0.22706
-0.46110,-0.42343,0.22706
-0.46110,-0.42343,0.22706
-0.46125,-0.42412,0.22710
-0.46125,-0.42412,0.22710
-0.46125,-0.42412,0.22710
-0.46125,-0.42412,0.22710
-0.46125,-0.42412,0.22710
-0.46144,-0.42466,0.22720
-0.46144,-0.42466,0.22720
-0.46144,-0.42466,0.22720
-0.46144,-0.42466,0.22720
-0.46144,-0.42466,0.22720
-0.46169,-0.42512,0.22741
-0.46169,-0.42512,0.22741
-0.46169,-0.42512,0.22741
-0.46169,-0.42512,0.22741
-0.46169,-0.42512,0.22741
-0.46169,-0.42512,0.22741
-0.46189,-0.42550,0.22761
-0.46189,-0.42550,0.22761
-0.46189,-0.42550,0.22761
-0.46189,-0.42550,0.22761
-0.46189,-0.42550,0.22761
-0.46210,-0.42584,0.22788
-0.46210,-0.42584,0.22788
-0.46210,-0.42584,0.22788
-0.46210,-0.42584,0.22788
-0.46210,-0.42584,0.22788
-0.46230,-0.42610,0.22818
-0.46230,-0.42610,0.22818
-0.46230,-0.42610,0.22818
-0.46230,-0.42610,0.22818
-0.46230,-0.42610,0.22818
-0.46248,-0.42631,0.22847
-0.46248,-0.42631,0.22847
-0.46248,-0.42631,0.22847
-0.46248,-0.42631,0.22847
-0.46248,-0.42631,0.22847
-0.46258,-0.42649,0.22874
-0.46258,-0.42649,0.22874
-0.46258,-0.42649,0.22874
-0.46258,-0.42649,0.22874
-0.46258,-0.42649,0.22874
-0.46258,-0.42666,0.22895
-0.46258,-0.42666,0.22895
-0.46258,-0.42666,0.22895
-0.46258,-0.42666,0.22895
-0.46258,-0.42666,0.22895
-0.46249,-0.42676,0.22913
-0.46249,-0.42676,0.22913
-0.46249,-0.42676,0.22913
-0.46249,-0.42676,0.22913
-0.46235,-0.42683,0.22926
-0.46235,-0.42683,0.22926
-0.46235,-0.42683,0.22926
-0.46235,-0.42683,0.22926
-0.46235,-0.42683,0.22926
-0.46218,-0.42689,0.22934
-0.46218,-0.42689,0.22934
-0.46218,-0.42689,0.22934
-0.46218,-0.42689,0.22934
-0.46218,-0.42689,0.22934
-0.46201,-0.42696,0.22940
-0.46201,-0.42696,0.22940
-0.46201,-0.42696,0.22940
-0.46201,-0.42696,0.22940
-0.46201,-0.42696,0.22940
-0.46186,-0.42701,0.22943
-0.46186,-0.42701,0.22943
-0.46186,-0.42701,0.22943
-0.46186,-0.42701,0.22943
-0.46186,-0.42701,0.22943
-0.46173,-0.42703,0.22945
-0.46173,-0.42703,0.22945
-0.46173,-0.42703,0.22945
-0.46173,-0.42703,0.22945
-0.46173,-0.42703,0.22945
-0.46173,-0.42703,0.22945
-0.46163,-0.42704,0.22945
-0.46163,-0.42704,0.22945
-0.46163,-0.42704,0.22945
-0.46163,-0.42704,0.22945
-0.46163,-0.42704,0.22945
-0.46157,-0.42705,0.22946
-0.46157,-0.42705,0.22946
-0.46157,-0.42705,0.22946
-0.46157,-0.42705,0.22946
-0.46157,-0.42705,0.22946
-0.46154,-0.42706,0.22948
-0.46154,-0.42706,0.22948
-0.46154,-0.42706,0.22948
-0.46154,-0.42706,0.22948
-0.46154,-0.42706,0.22948
-0.46154,-0.42706,0.22950
-0.46154,-0.42706,0.22950
-0.46154,-0.42706,0.22950
-0.46154,-0.42706,0.22950
-0.46154,-0.42706,0.22950
-0.46154,-0.42706,0.22951
-0.46154,-0.42706,0.22951
-0.46154,-0.42706,0.22951
-0.46154,-0.42706,0.22951
-0.46154,-0.42706,0.22951
-0.46157,-0.42704,0.22952
-0.46157,-0.42704,0.22952
-0.46157,-0.42704,0.22952
-0.46157,-0.42704,0.22952
-0.46157,-0.42704,0.22952
-0.46159,-0.42701,0.22954
-0.46159,-0.42701,0.22954
-0.46159,-0.42701,0.22954
-0.46159,-0.42701,0.22954
-0.46159,-0.42701,0.22954
-0.46162,-0.42699,0.22954
-0.46162,-0.42699,0.22954
-0.46162,-0.42699,0.22954
-0.46162,-0.42699,0.22954
-0.46164,-0.42697,0.22955
-0.46164,-0.42697,0.22955
-0.46164,-0.42697,0.22955
-0.46164,-0.42697,0.22955
-0.46164,-0.42697,0.22955
-0.46164,-0.42697,0.22955
-0.46165,-0.42695,0.22955
-0.46165,-0.42695,0.22955
-0.46165,-0.42695,0.22955
-0.46165,-0.42695,0.22955
-0.46165,-0.42695,0.22955
-0.46166,-0.42694,0.22955
-0.46166,-0.42694,0.22955
-0.46166,-0.42694,0.22955
-0.46166,-0.42694,0.22955
-0.46166,-0.42694,0.22955
-0.46166,-0.42694,0.22955
-0.46166,-0.42694,0.22955
-0.46166,-0.42694,0.22955
-0.46166,-0.42694,0.22955
-0.46166,-0.42694,0.22955
-0.46166,-0.42694,0.22955
