-0.46095,-0.42512,0.22977
-0.46095,-0.42512,0.22977
-0.46095,-0.42512,0.22977
-0.46095,-0.42512,0.22977
-0.46095,-0.42512,0.22977
-0.46095,-0.42512,0.22977
-0.46095,-0.42512,0.22977
-0.46095,-0.42512,0.22977
-0.46095,-0.42512,0.22977
-0.46095,-0.42512,0.22977
-0.46095,-0.42512,0.22977
-0.46095,-0.42512,0.22977
-0.46095,-0.42512,0.22977
-0.46095,-0.42512,0.22977
-0.46095,-0.42512,0.22977
-0.46095,-0.42512,0.22977
-0.46095,-0.42512,0.22977
-0.46095,-0.42512,0.22977
-0.46095,-0.42512,0.22977
-0.46095,-0.42512,0.22977
-0.46095,-0.42512,0.22977
-0.46095,-0.42512,0.22977
-0.46095,-0.42512,0.22977
-0.46095,-0.42512,0.22977
-0.46095,-0.42512,0.22977
-0.46095,-0.42512,0.22977
-0.46095,-0.42512,0.22977
-0.46095,-0.42512,0.22977
-0.46095,-0.42512,0.22977
-0.46095,-0.42512,0.22977
-0.46097,-0.42510,0.22976
-0.46097,-0.42510,0.22976
-0.46097,-0.42510,0.22976
-0.46097,-0.42510,0.22976
-0.46097,-0.42510,0.22976
-0.46154,-0.42412,0.22957
-0.46154,-0.42412,0.22957
-0.46154,-0.42412,0.22957
-0.46154,-0.42412,0.22957
-0.46154,-0.42412,0.22957
-0.46192,-0.42302,0.22934
-0.46192,-0.42302,0.22934
-0.46192,-0.42302,0.22934
-0.46192,-0.42302,0.22934
-0.46192,-0.42302,0.22934
-0.46221,-0.42161,0.22899
-0.46221,-0.42161,0.22899
-0.46221,-0.42161,0.22899
-0.46221,-0.42161,0.22899
-0.46221,-0.42161,0.22899
-0.46247,-0.41981,0.22847
-0.46247,-0.41981,0.22847
-0.46247,-0.41981,0.22847
-0.46247,-0.41981,0.22847
-0.46247,-0.41981,0.22847
-0.46299,-0.41749,0.22794
-0.46299,-0.41749,0.22794
-0.46299,-0.41749,0.22794
-0.46299,-0.41749,0.22794
-0.46299,-0.41749,0.22794
-0.46369,-0.41494,0.22740
-0.46369,-0.41494,0.22740
-0.46369,-0.41494,0.22740
-0.46369,-0.41494,0.22740
-0.46369,-0.41494,0.22740
-0.46440,-0.41239,0.22687
-0.46440,-0.41239,0.22687
-0.46440,-0.41239,0.22687
-0.46440,-0.41239,0.22687
-0.46440,-0.41239,0.22687
-0.46522,-0.40994,0.22647
-0.46522,-0.40994,0.22647
-0.46522,-0.40994,0.22647
-0.46522,-0.40994,0.22647
-0.46522,-0.40994,0.22647
-0.46606,-0.40757,0.22603
-0.46606,-0.40757,0.22603
-0.46606,-0.40757,0.22603
-0.46606,-0.40757,0.22603
-0.46606,-0.40757,0.22603
-0.46699,-0.40523,0.22570
-0.46699,-0.40523,0.22570
-0.46699,-0.40523,0.22570
-0.46699,-0.40523,0.22570
-0.46699,-0.40523,0.22570
-0.46796,-0.40289,0.22551
-0.46796,-0.40289,0.22551
-0.46796,-0.40289,0.22551
-0.46796,-0.40289,0.22551
-0.46796,-0.40289,0.22551
-0.46884,-0.40062,0.22539
-0.46884,-0.40062,0.22539
-0.46884,-0.40062,0.22539
-0.46884,-0.40062,0.22539
-0.46884,-0.40062,0.22539
-0.46965,-0.39842,0.22537
-0.46965,-0.39842,0.22537
-0.46965,-0.39842,0.22537
-0.46965,-0.39842,0.22537
-0.46965,-0.39842,0.22537
-0.47036,-0.39625,0.22540
-0.47036,-0.39625,0.22540
-0.47036,-0.39625,0.22540
-0.47036,-0.39625,0.22540
-0.47036,-0.39625,0.22540
-0.47097,-0.39404,0.22537
-0.47097,-0.39404,0.22537
-0.47097,-0.39404,0.22537
-0.47097,-0.39404,0.22537
-0.47097,-0.39404,0.22537
-0.47151,-0.39178,0.22537
-0.47151,-0.39178,0.22537
-0.47151,-0.39178,0.22537
-0.47151,-0.39178,0.22537
-0.47151,-0.39178,0.22537
-0.47187,-0.38965,0.22538
-0.47187,-0.38965,0.22538
-0.47187,-0.38965,0.22538
-0.47187,-0.38965,0.22538
-0.47187,-0.38965,0.22538
-0.47213,-0.38761,0.22531
-0.47213,-0.38761,0.22531
-0.47213,-0.38761,0.22531
-0.47213,-0.38761,0.22531
-0.47213,-0.38761,0.22531
-0.47239,-0.38560,0.22528
-0.47239,-0.38560,0.22528
-0.47239,-0.38560,0.22528
-0.47239,-0.38560,0.22528
-0.47239,-0.38560,0.22528
-0.47265,-0.38358,0.22530
-0.47265,-0.38358,0.22530
-0.47265,-0.38358,0.22530
-0.47265,-0.38358,0.22530
-0.47265,-0.38358,0.22530
-0.47290,-0.38148,0.22526
-0.47290,-0.38148,0.22526
-0.47290,-0.38148,0.22526
-0.47290,-0.38148,0.22526
-0.47290,-0.38148,0.22526
-0.47314,-0.37933,0.22522
-0.47314,-0.37933,0.22522
-0.47314,-0.37933,0.22522
-0.47314,-0.37933,0.22522
-0.47314,-0.37933,0.22522
-0.47343,-0.37710,0.22525
-0.47343,-0.37710,0.22525
-0.47343,-0.37710,0.22525
-0.47343,-0.37710,0.22525
-0.47343,-0.37710,0.22525
-0.47384,-0.37479,0.22536
-0.47384,-0.37479,0.22536
-0.47384,-0.37479,0.22536
-0.47384,-0.37479,0.22536
-0.47384,-0.37479,0.22536
-0.47425,-0.37251,0.22553
-0.47425,-0.37251,0.22553
-0.47425,-0.37251,0.22553
-0.47425,-0.37251,0.22553
-0.47425,-0.37251,0.22553
-0.47463,-0.37027,0.22565
-0.47463,-0.37027,0.22565
-0.47463,-0.37027,0.22565
-0.47463,-0.37027,0.22565
-0.47463,-0.37027,0.22565
-0.47503,-0.36803,0.22579
-0.47503,-0.36803,0.22579
-0.47503,-0.36803,0.22579
-0.47503,-0.36803,0.22579
-0.47503,-0.36803,0.22579
-0.47538,-0.36582,0.22588
-0.47538,-0.36582,0.22588
-0.47538,-0.36582,0.22588
-0.47538,-0.36582,0.22588
-0.47538,-0.36582,0.22588
-0.47579,-0.36365,0.22605
-0.47579,-0.36365,0.22605
-0.47579,-0.36365,0.22605
-0.47579,-0.36365,0.22605
-0.47579,-0.36365,0.22605
-0.47621,-0.36145,0.22619
-0.47621,-0.36145,0.22619
-0.47621,-0.36145,0.22619
-0.47621,-0.36145,0.22619
-0.47621,-0.36145,0.22619
-0.47669,-0.35917,0.22635
-0.47669,-0.35917,0.22635
-0.47669,-0.35917,0.22635
-0.47669,-0.35917,0.22635
-0.47669,-0.35917,0.22635
-0.47714,-0.35683,0.22648
-0.47714,-0.35683,0.22648
-0.47714,-0.35683,0.22648
-0.47714,-0.35683,0.22648
-0.47714,-0.35683,0.22648
-0.47754,-0.35450,0.22661
-0.47754,-0.35450,0.22661
-0.47754,-0.35450,0.22661
-0.47754,-0.35450,0.22661
-0.47754,-0.35450,0.22661
-0.47795,-0.35227,0.22683
-0.47795,-0.35227,0.22683
-0.47795,-0.35227,0.22683
-0.47795,-0.35227,0.22683
-0.47795,-0.35227,0.22683
-0.47832,-0.34999,0.22703
-0.47832,-0.34999,0.22703
-0.47832,-0.34999,0.22703
-0.47832,-0.34999,0.22703
-0.47832,-0.34999,0.22703
-0.47876,-0.34763,0.22722
-0.47876,-0.34763,0.22722
-0.47876,-0.34763,0.22722
-0.47876,-0.34763,0.22722
-0.47876,-0.34763,0.22722
-0.47921,-0.34516,0.22733
-0.47921,-0.34516,0.22733
-0.47921,-0.34516,0.22733
-0.47921,-0.34516,0.22733
-0.47921,-0.34516,0.22733
-0.47963,-0.34270,0.22740
-0.47963,-0.34270,0.22740
-0.47963,-0.34270,0.22740
-0.47963,-0.34270,0.22740
-0.47963,-0.34270,0.22740
-0.48005,-0.34030,0.22754
-0.48005,-0.34030,0.22754
-0.48005,-0.34030,0.22754
-0.48005,-0.34030,0.22754
-0.48005,-0.34030,0.22754
-0.48041,-0.33791,0.22765
-0.48041,-0.33791,0.22765
-0.48041,-0.33791,0.22765
-0.48041,-0.33791,0.22765
-0.48041,-0.33791,0.22765
-0.48082,-0.33549,0.22778
-0.48082,-0.33549,0.22778
-0.48082,-0.33549,0.22778
-0.48082,-0.33549,0.22778
-0.48082,-0.33549,0.22778
-0.48127,-0.33290,0.22791
-0.48127,-0.33290,0.22791
-0.48127,-0.33290,0.22791
-0.48127,-0.33290,0.22791
-0.48127,-0.33290,0.22791
-0.48172,-0.33030,0.22802
-0.48172,-0.33030,0.22802
-0.48172,-0.33030,0.22802
-0.48172,-0.33030,0.22802
-0.48172,-0.33030,0.22802
-0.48217,-0.32781,0.22827
-0.48217,-0.32781,0.22827
-0.48217,-0.32781,0.22827
-0.48217,-0.32781,0.22827
-0.48217,-0.32781,0.22827
-0.48251,-0.32540,0.22847
-0.48251,-0.32540,0.22847
-0.48251,-0.32540,0.22847
-0.48251,-0.32540,0.22847
-0.48251,-0.32540,0.22847
-0.48290,-0.32295,0.22863
-0.48290,-0.32295,0.22863
-0.48290,-0.32295,0.22863
-0.48290,-0.32295,0.22863
-0.48290,-0.32295,0.22863
-0.48334,-0.32036,0.22877
-0.48334,-0.32036,0.22877
-0.48334,-0.32036,0.22877
-0.48334,-0.32036,0.22877
-0.48334,-0.32036,0.22877
-0.48376,-0.31773,0.22888
-0.48376,-0.31773,0.22888
-0.48376,-0.31773,0.22888
-0.48376,-0.31773,0.22888
-0.48376,-0.31773,0.22888
-0.48419,-0.31524,0.22909
-0.48419,-0.31524,0.22909
-0.48419,-0.31524,0.22909
-0.48419,-0.31524,0.22909
-0.48419,-0.31524,0.22909
-0.48452,-0.31282,0.22926
-0.48452,-0.31282,0.22926
-0.48452,-0.31282,0.22926
-0.48452,-0.31282,0.22926
-0.48452,-0.31282,0.22926
-0.48490,-0.31034,0.22946
-0.48490,-0.31034,0.22946
-0.48490,-0.31034,0.22946
-0.48490,-0.31034,0.22946
-0.48490,-0.31034,0.22946
-0.48535,-0.30776,0.22969
-0.48535,-0.30776,0.22969
-0.48535,-0.30776,0.22969
-0.48535,-0.30776,0.22969
-0.48535,-0.30776,0.22969
-0.48579,-0.30511,0.22992
-0.48579,-0.30511,0.22992
-0.48579,-0.30511,0.22992
-0.48579,-0.30511,0.22992
-0.48579,-0.30511,0.22992
-0.48623,-0.30259,0.23019
-0.48623,-0.30259,0.23019
-0.48623,-0.30259,0.23019
-0.48623,-0.30259,0.23019
-0.48623,-0.30259,0.23019
-0.48654,-0.30016,0.23040
-0.48654,-0.30016,0.23040
-0.48654,-0.30016,0.23040
-0.48654,-0.30016,0.23040
-0.48654,-0.30016,0.23040
-0.48691,-0.29766,0.23060
-0.48691,-0.29766,0.23060
-0.48691,-0.29766,0.23060
-0.48691,-0.29766,0.23060
-0.48691,-0.29766,0.23060
-0.48732,-0.29502,0.23080
-0.48732,-0.29502,0.23080
-0.48732,-0.29502,0.23080
-0.48732,-0.29502,0.23080
-0.48732,-0.29502,0.23080
-0.48769,-0.29236,0.23099
-0.48769,-0.29236,0.23099
-0.48769,-0.29236,0.23099
-0.48769,-0.29236,0.23099
-0.48769,-0.29236,0.23099
-0.48801,-0.28983,0.23120
-0.48801,-0.28983,0.23120
-0.48801,-0.28983,0.23120
-0.48801,-0.28983,0.23120
-0.48801,-0.28983,0.23120
-0.48828,-0.28736,0.23143
-0.48828,-0.28736,0.23143
-0.48828,-0.28736,0.23143
-0.48828,-0.28736,0.23143
-0.48828,-0.28736,0.23143
-0.48863,-0.28480,0.23174
-0.48863,-0.28480,0.23174
-0.48863,-0.28480,0.23174
-0.48863,-0.28480,0.23174
-0.48863,-0.28480,0.23174
-0.48901,-0.28215,0.23205
-0.48901,-0.28215,0.23205
-0.48901,-0.28215,0.23205
-0.48901,-0.28215,0.23205
-0.48901,-0.28215,0.23205
-0.48938,-0.27951,0.23231
-0.48938,-0.27951,0.23231
-0.48938,-0.27951,0.23231
-0.48938,-0.27951,0.23231
-0.48938,-0.27951,0.23231
-0.48968,-0.27701,0.23256
-0.48968,-0.27701,0.23256
-0.48968,-0.27701,0.23256
-0.48968,-0.27701,0.23256
-0.48968,-0.27701,0.23256
-0.48999,-0.27454,0.23284
-0.48999,-0.27454,0.23284
-0.48999,-0.27454,0.23284
-0.48999,-0.27454,0.23284
-0.48999,-0.27454,0.23284
-0.49039,-0.27196,0.23311
-0.49039,-0.27196,0.23311
-0.49039,-0.27196,0.23311
-0.49039,-0.27196,0.23311
-0.49039,-0.27196,0.23311
-0.49081,-0.26936,0.23339
-0.49081,-0.26936,0.23339
-0.49081,-0.26936,0.23339
-0.49081,-0.26936,0.23339
-0.49081,-0.26936,0.23339
-0.49118,-0.26680,0.23367
-0.49118,-0.26680,0.23367
-0.49118,-0.26680,0.23367
-0.49118,-0.26680,0.23367
-0.49118,-0.26680,0.23367
-0.49149,-0.26434,0.23395
-0.49149,-0.26434,0.23395
-0.49149,-0.26434,0.23395
-0.49149,-0.26434,0.23395
-0.49149,-0.26434,0.23395
-0.49181,-0.26183,0.23427
-0.49181,-0.26183,0.23427
-0.49181,-0.26183,0.23427
-0.49181,-0.26183,0.23427
-0.49181,-0.26183,0.23427
-0.49219,-0.25923,0.23464
-0.49219,-0.25923,0.23464
-0.49219,-0.25923,0.23464
-0.49219,-0.25923,0.23464
-0.49219,-0.25923,0.23464
-0.49256,-0.25661,0.23499
-0.49256,-0.25661,0.23499
-0.49256,-0.25661,0.23499
-0.49256,-0.25661,0.23499
-0.49256,-0.25661,0.23499
-0.49282,-0.25406,0.23530
-0.49282,-0.25406,0.23530
-0.49282,-0.25406,0.23530
-0.49282,-0.25406,0.23530
-0.49282,-0.25406,0.23530
-0.49302,-0.25156,0.23559
-0.49302,-0.25156,0.23559
-0.49302,-0.25156,0.23559
-0.49302,-0.25156,0.23559
-0.49302,-0.25156,0.23559
-0.49324,-0.24895,0.23587
-0.49324,-0.24895,0.23587
-0.49324,-0.24895,0.23587
-0.49324,-0.24895,0.23587
-0.49324,-0.24895,0.23587
-0.49351,-0.24629,0.23618
-0.49351,-0.24629,0.23618
-0.49351,-0.24629,0.23618
-0.49351,-0.24629,0.23618
-0.49351,-0.24629,0.23618
-0.49377,-0.24371,0.23650
-0.49377,-0.24371,0.23650
-0.49377,-0.24371,0.23650
-0.49377,-0.24371,0.23650
-0.49377,-0.24371,0.23650
-0.49404,-0.24123,0.23688
-0.49404,-0.24123,0.23688
-0.49404,-0.24123,0.23688
-0.49404,-0.24123,0.23688
-0.49404,-0.24123,0.23688
-0.49432,-0.23874,0.23729
-0.49432,-0.23874,0.23729
-0.49432,-0.23874,0.23729
-0.49432,-0.23874,0.23729
-0.49432,-0.23874,0.23729
-0.49466,-0.23618,0.23775
-0.49466,-0.23618,0.23775
-0.49466,-0.23618,0.23775
-0.49466,-0.23618,0.23775
-0.49466,-0.23618,0.23775
-0.49501,-0.23361,0.23821
-0.49501,-0.23361,0.23821
-0.49501,-0.23361,0.23821
-0.49501,-0.23361,0.23821
-0.49501,-0.23361,0.23821
-0.49529,-0.23111,0.23861
-0.49529,-0.23111,0.23861
-0.49529,-0.23111,0.23861
-0.49529,-0.23111,0.23861
-0.49529,-0.23111,0.23861
-0.49560,-0.22869,0.23905
-0.49560,-0.22869,0.23905
-0.49560,-0.22869,0.23905
-0.49560,-0.22869,0.23905
-0.49560,-0.22869,0.23905
-0.49590,-0.22616,0.23949
-0.49590,-0.22616,0.23949
-0.49590,-0.22616,0.23949
-0.49590,-0.22616,0.23949
-0.49590,-0.22616,0.23949
-0.49622,-0.22360,0.23994
-0.49622,-0.22360,0.23994
-0.49622,-0.22360,0.23994
-0.49622,-0.22360,0.23994
-0.49622,-0.22360,0.23994
-0.49652,-0.22107,0.24038
-0.49652,-0.22107,0.24038
-0.49652,-0.22107,0.24038
-0.49652,-0.22107,0.24038
-0.49652,-0.22107,0.24038
-0.49677,-0.21864,0.24086
-0.49677,-0.21864,0.24086
-0.49677,-0.21864,0.24086
-0.49677,-0.21864,0.24086
-0.49677,-0.21864,0.24086
-0.49698,-0.21618,0.24135
-0.49698,-0.21618,0.24135
-0.49698,-0.21618,0.24135
-0.49698,-0.21618,0.24135
-0.49698,-0.21618,0.24135
-0.49716,-0.21361,0.24184
-0.49716,-0.21361,0.24184
-0.49716,-0.21361,0.24184
-0.49716,-0.21361,0.24184
-0.49716,-0.21361,0.24184
-0.49740,-0.21104,0.24240
-0.49740,-0.21104,0.24240
-0.49740,-0.21104,0.24240
-0.49740,-0.21104,0.24240
-0.49740,-0.21104,0.24240
-0.49756,-0.20855,0.24290
-0.49756,-0.20855,0.24290
-0.49756,-0.20855,0.24290
-0.49756,-0.20855,0.24290
-0.49756,-0.20855,0.24290
-0.49772,-0.20611,0.24342
-0.49772,-0.20611,0.24342
-0.49772,-0.20611,0.24342
-0.49772,-0.20611,0.24342
-0.49772,-0.20611,0.24342
-0.49794,-0.20363,0.24401
-0.49794,-0.20363,0.24401
-0.49794,-0.20363,0.24401
-0.49794,-0.20363,0.24401
-0.49794,-0.20363,0.24401
-0.49812,-0.20184,0.24512
-0.49812,-0.20184,0.24512
-0.49812,-0.20184,0.24512
-0.49812,-0.20184,0.24512
-0.49812,-0.20184,0.24512
-0.49833,-0.20009,0.24613
-0.49833,-0.20009,0.24613
-0.49833,-0.20009,0.24613
-0.49833,-0.20009,0.24613
-0.49833,-0.20009,0.24613
-0.49860,-0.19881,0.24747
-0.49860,-0.19881,0.24747
-0.49860,-0.19881,0.24747
-0.49860,-0.19881,0.24747
-0.49860,-0.19881,0.24747
-0.49900,-0.19775,0.24929
-0.49900,-0.19775,0.24929
-0.49900,-0.19775,0.24929
-0.49900,-0.19775,0.24929
-0.49900,-0.19775,0.24929
-0.49938,-0.19698,0.25124
-0.49938,-0.19698,0.25124
-0.49938,-0.19698,0.25124
-0.49938,-0.19698,0.25124
-0.49938,-0.19698,0.25124
-0.49972,-0.19640,0.25323
-0.49972,-0.19640,0.25323
-0.49972,-0.19640,0.25323
-0.49972,-0.19640,0.25323
-0.49972,-0.19640,0.25323
-0.50005,-0.19580,0.25543
-0.50005,-0.19580,0.25543
-0.50005,-0.19580,0.25543
-0.50005,-0.19580,0.25543
-0.50005,-0.19580,0.25543
-0.50030,-0.19530,0.25784
-0.50030,-0.19530,0.25784
-0.50030,-0.19530,0.25784
-0.50030,-0.19530,0.25784
-0.50030,-0.19530,0.25784
-0.50043,-0.19490,0.26030
-0.50043,-0.19490,0.26030
-0.50043,-0.19490,0.26030
-0.50043,-0.19490,0.26030
-0.50043,-0.19490,0.26030
-0.50040,-0.19439,0.26257
-0.50040,-0.19439,0.26257
-0.50040,-0.19439,0.26257
-0.50040,-0.19439,0.26257
-0.50040,-0.19439,0.26257
-0.50029,-0.19372,0.26481
-0.50029,-0.19372,0.26481
-0.50029,-0.19372,0.26481
-0.50029,-0.19372,0.26481
-0.50029,-0.19372,0.26481
-0.50010,-0.19294,0.26718
-0.50010,-0.19294,0.26718
-0.50010,-0.19294,0.26718
-0.50010,-0.19294,0.26718
-0.50010,-0.19294,0.26718
-0.49981,-0.19210,0.26959
-0.49981,-0.19210,0.26959
-0.49981,-0.19210,0.26959
-0.49981,-0.19210,0.26959
-0.49981,-0.19210,0.26959
-0.49944,-0.19116,0.27178
-0.49944,-0.19116,0.27178
-0.49944,-0.19116,0.27178
-0.49944,-0.19116,0.27178
-0.49944,-0.19116,0.27178
-0.49905,-0.19013,0.27393
-0.49905,-0.19013,0.27393
-0.49905,-0.19013,0.27393
-0.49905,-0.19013,0.27393
-0.49905,-0.19013,0.27393
-0.49873,-0.18900,0.27627
-0.49873,-0.18900,0.27627
-0.49873,-0.18900,0.27627
-0.49873,-0.18900,0.27627
-0.49873,-0.18900,0.27627
-0.49848,-0.18783,0.27870
-0.49848,-0.18783,0.27870
-0.49848,-0.18783,0.27870
-0.49848,-0.18783,0.27870
-0.49848,-0.18783,0.27870
-0.49829,-0.18662,0.28097
-0.49829,-0.18662,0.28097
-0.49829,-0.18662,0.28097
-0.49829,-0.18662,0.28097
-0.49829,-0.18662,0.28097
-0.49815,-0.18539,0.28323
-0.49815,-0.18539,0.28323
-0.49815,-0.18539,0.28323
-0.49815,-0.18539,0.28323
-0.49815,-0.18539,0.28323
-0.49809,-0.18423,0.28576
-0.49809,-0.18423,0.28576
-0.49809,-0.18423,0.28576
-0.49809,-0.18423,0.28576
-0.49809,-0.18423,0.28576
-0.49805,-0.18311,0.28830
-0.49805,-0.18311,0.28830
-0.49805,-0.18311,0.28830
-0.49805,-0.18311,0.28830
-0.49805,-0.18311,0.28830
-0.49797,-0.18202,0.29058
-0.49797,-0.18202,0.29058
-0.49797,-0.18202,0.29058
-0.49797,-0.18202,0.29058
-0.49797,-0.18202,0.29058
-0.49788,-0.18096,0.29296
-0.49788,-0.18096,0.29296
-0.49788,-0.18096,0.29296
-0.49788,-0.18096,0.29296
-0.49788,-0.18096,0.29296
-0.49777,-0.17994,0.29561
-0.49777,-0.17994,0.29561
-0.49777,-0.17994,0.29561
-0.49777,-0.17994,0.29561
-0.49777,-0.17994,0.29561
-0.49756,-0.17888,0.29803
-0.49756,-0.17888,0.29803
-0.49756,-0.17888,0.29803
-0.49756,-0.17888,0.29803
-0.49756,-0.17888,0.29803
-0.49729,-0.17780,0.30026
-0.49729,-0.17780,0.30026
-0.49729,-0.17780,0.30026
-0.49729,-0.17780,0.30026
-0.49729,-0.17780,0.30026
-0.49698,-0.17667,0.30270
-0.49698,-0.17667,0.30270
-0.49698,-0.17667,0.30270
-0.49698,-0.17667,0.30270
-0.49698,-0.17667,0.30270
-0.49662,-0.17556,0.30520
-0.49662,-0.17556,0.30520
-0.49662,-0.17556,0.30520
-0.49662,-0.17556,0.30520
-0.49662,-0.17556,0.30520
-0.49623,-0.17443,0.30745
-0.49623,-0.17443,0.30745
-0.49623,-0.17443,0.30745
-0.49623,-0.17443,0.30745
-0.49623,-0.17443,0.30745
-0.49580,-0.17326,0.30961
-0.49580,-0.17326,0.30961
-0.49580,-0.17326,0.30961
-0.49580,-0.17326,0.30961
-0.49580,-0.17326,0.30961
-0.49541,-0.17205,0.31207
-0.49541,-0.17205,0.31207
-0.49541,-0.17205,0.31207
-0.49541,-0.17205,0.31207
-0.49541,-0.17205,0.31207
-0.49505,-0.17084,0.31449
-0.49505,-0.17084,0.31449
-0.49505,-0.17084,0.31449
-0.49505,-0.17084,0.31449
-0.49505,-0.17084,0.31449
-0.49471,-0.16960,0.31666
-0.49471,-0.16960,0.31666
-0.49471,-0.16960,0.31666
-0.49471,-0.16960,0.31666
-0.49471,-0.16960,0.31666
-0.49442,-0.16836,0.31895
-0.49442,-0.16836,0.31895
-0.49442,-0.16836,0.31895
-0.49442,-0.16836,0.31895
-0.49442,-0.16836,0.31895
-0.49418,-0.16709,0.32149
-0.49418,-0.16709,0.32149
-0.49418,-0.16709,0.32149
-0.49418,-0.16709,0.32149
-0.49418,-0.16709,0.32149
-0.49398,-0.16585,0.32388
-0.49398,-0.16585,0.32388
-0.49398,-0.16585,0.32388
-0.49398,-0.16585,0.32388
-0.49398,-0.16585,0.32388
-0.49376,-0.16459,0.32607
-0.49376,-0.16459,0.32607
-0.49376,-0.16459,0.32607
-0.49376,-0.16459,0.32607
-0.49376,-0.16459,0.32607
-0.49355,-0.16332,0.32845
-0.49355,-0.16332,0.32845
-0.49355,-0.16332,0.32845
-0.49355,-0.16332,0.32845
-0.49355,-0.16332,0.32845
-0.49339,-0.16203,0.33102
-0.49339,-0.16203,0.33102
-0.49339,-0.16203,0.33102
-0.49339,-0.16203,0.33102
-0.49339,-0.16203,0.33102
-0.49321,-0.16070,0.33331
-0.49321,-0.16070,0.33331
-0.49321,-0.16070,0.33331
-0.49321,-0.16070,0.33331
-0.49321,-0.16070,0.33331
-0.49300,-0.15927,0.33546
-0.49300,-0.15927,0.33546
-0.49300,-0.15927,0.33546
-0.49300,-0.15927,0.33546
-0.49300,-0.15927,0.33546
-0.49279,-0.15781,0.33783
-0.49279,-0.15781,0.33783
-0.49279,-0.15781,0.33783
-0.49279,-0.15781,0.33783
-0.49279,-0.15781,0.33783
-0.49258,-0.15634,0.34026
-0.49258,-0.15634,0.34026
-0.49258,-0.15634,0.34026
-0.49258,-0.15634,0.34026
-0.49258,-0.15634,0.34026
-0.49234,-0.15485,0.34242
-0.49234,-0.15485,0.34242
-0.49234,-0.15485,0.34242
-0.49234,-0.15485,0.34242
-0.49234,-0.15485,0.34242
-0.49208,-0.15331,0.34451
-0.49208,-0.15331,0.34451
-0.49208,-0.15331,0.34451
-0.49208,-0.15331,0.34451
-0.49208,-0.15331,0.34451
-0.49183,-0.15174,0.34677
-0.49183,-0.15174,0.34677
-0.49183,-0.15174,0.34677
-0.49183,-0.15174,0.34677
-0.49183,-0.15174,0.34677
-0.49160,-0.15019,0.34911
-0.49160,-0.15019,0.34911
-0.49160,-0.15019,0.34911
-0.49160,-0.15019,0.34911
-0.49160,-0.15019,0.34911
-0.49141,-0.14860,0.35123
-0.49141,-0.14860,0.35123
-0.49141,-0.14860,0.35123
-0.49141,-0.14860,0.35123
-0.49141,-0.14860,0.35123
-0.49125,-0.14691,0.35328
-0.49125,-0.14691,0.35328
-0.49125,-0.14691,0.35328
-0.49125,-0.14691,0.35328
-0.49125,-0.14691,0.35328
-0.49112,-0.14523,0.35549
-0.49112,-0.14523,0.35549
-0.49112,-0.14523,0.35549
-0.49112,-0.14523,0.35549
-0.49112,-0.14523,0.35549
-0.49101,-0.14356,0.35779
-0.49101,-0.14356,0.35779
-0.49101,-0.14356,0.35779
-0.49101,-0.14356,0.35779
-0.49101,-0.14356,0.35779
-0.49090,-0.14189,0.35991
-0.49090,-0.14189,0.35991
-0.49090,-0.14189,0.35991
-0.49090,-0.14189,0.35991
-0.49090,-0.14189,0.35991
-0.49080,-0.14021,0.36193
-0.49080,-0.14021,0.36193
-0.49080,-0.14021,0.36193
-0.49080,-0.14021,0.36193
-0.49080,-0.14021,0.36193
-0.49071,-0.13848,0.36402
-0.49071,-0.13848,0.36402
-0.49071,-0.13848,0.36402
-0.49071,-0.13848,0.36402
-0.49071,-0.13848,0.36402
-0.49062,-0.13673,0.36619
-0.49062,-0.13673,0.36619
-0.49062,-0.13673,0.36619
-0.49062,-0.13673,0.36619
-0.49062,-0.13673,0.36619
-0.49054,-0.13490,0.36830
-0.49054,-0.13490,0.36830
-0.49054,-0.13490,0.36830
-0.49054,-0.13490,0.36830
-0.49054,-0.13490,0.36830
-0.49046,-0.13304,0.37027
-0.49046,-0.13304,0.37027
-0.49046,-0.13304,0.37027
-0.49046,-0.13304,0.37027
-0.49046,-0.13304,0.37027
-0.49035,-0.13120,0.37218
-0.49035,-0.13120,0.37218
-0.49035,-0.13120,0.37218
-0.49035,-0.13120,0.37218
-0.49035,-0.13120,0.37218
-0.49025,-0.12939,0.37417
-0.49025,-0.12939,0.37417
-0.49025,-0.12939,0.37417
-0.49025,-0.12939,0.37417
-0.49025,-0.12939,0.37417
-0.49013,-0.12758,0.37619
-0.49013,-0.12758,0.37619
-0.49013,-0.12758,0.37619
-0.49013,-0.12758,0.37619
-0.49013,-0.12758,0.37619
-0.49001,-0.12569,0.37813
-0.49001,-0.12569,0.37813
-0.49001,-0.12569,0.37813
-0.49001,-0.12569,0.37813
-0.49001,-0.12569,0.37813
-0.48993,-0.12370,0.37998
-0.48993,-0.12370,0.37998
-0.48993,-0.12370,0.37998
-0.48993,-0.12370,0.37998
-0.48993,-0.12370,0.37998
-0.48987,-0.12165,0.38180
-0.48987,-0.12165,0.38180
-0.48987,-0.12165,0.38180
-0.48987,-0.12165,0.38180
-0.48987,-0.12165,0.38180
-0.48980,-0.11963,0.38365
-0.48980,-0.11963,0.38365
-0.48980,-0.11963,0.38365
-0.48980,-0.11963,0.38365
-0.48980,-0.11963,0.38365
-0.48974,-0.11765,0.38552
-0.48974,-0.11765,0.38552
-0.48974,-0.11765,0.38552
-0.48974,-0.11765,0.38552
-0.48974,-0.11765,0.38552
-0.48966,-0.11568,0.38734
-0.48966,-0.11568,0.38734
-0.48966,-0.11568,0.38734
-0.48966,-0.11568,0.38734
-0.48966,-0.11568,0.38734
-0.48960,-0.11365,0.38907
-0.48960,-0.11365,0.38907
-0.48960,-0.11365,0.38907
-0.48960,-0.11365,0.38907
-0.48960,-0.11365,0.38907
-0.48957,-0.11150,0.39074
-0.48957,-0.11150,0.39074
-0.48957,-0.11150,0.39074
-0.48957,-0.11150,0.39074
-0.48957,-0.11150,0.39074
-0.48953,-0.10936,0.39242
-0.48953,-0.10936,0.39242
-0.48953,-0.10936,0.39242
-0.48953,-0.10936,0.39242
-0.48953,-0.10936,0.39242
-0.48947,-0.10727,0.39409
-0.48947,-0.10727,0.39409
-0.48947,-0.10727,0.39409
-0.48947,-0.10727,0.39409
-0.48947,-0.10727,0.39409
-0.48940,-0.10519,0.39577
-0.48940,-0.10519,0.39577
-0.48940,-0.10519,0.39577
-0.48940,-0.10519,0.39577
-0.48940,-0.10519,0.39577
-0.48933,-0.10306,0.39740
-0.48933,-0.10306,0.39740
-0.48933,-0.10306,0.39740
-0.48933,-0.10306,0.39740
-0.48933,-0.10306,0.39740
-0.48929,-0.10079,0.39892
-0.48929,-0.10079,0.39892
-0.48929,-0.10079,0.39892
-0.48929,-0.10079,0.39892
-0.48929,-0.10079,0.39892
-0.48924,-0.09850,0.40041
-0.48924,-0.09850,0.40041
-0.48924,-0.09850,0.40041
-0.48924,-0.09850,0.40041
-0.48924,-0.09850,0.40041
-0.48918,-0.09626,0.40190
-0.48918,-0.09626,0.40190
-0.48918,-0.09626,0.40190
-0.48918,-0.09626,0.40190
-0.48918,-0.09626,0.40190
-0.48910,-0.09411,0.40336
-0.48910,-0.09411,0.40336
-0.48910,-0.09411,0.40336
-0.48910,-0.09411,0.40336
-0.48910,-0.09411,0.40336
-0.48902,-0.09192,0.40481
-0.48902,-0.09192,0.40481
-0.48902,-0.09192,0.40481
-0.48902,-0.09192,0.40481
-0.48902,-0.09192,0.40481
-0.48897,-0.08957,0.40625
-0.48897,-0.08957,0.40625
-0.48897,-0.08957,0.40625
-0.48897,-0.08957,0.40625
-0.48897,-0.08957,0.40625
-0.48894,-0.08715,0.40760
-0.48894,-0.08715,0.40760
-0.48894,-0.08715,0.40760
-0.48894,-0.08715,0.40760
-0.48894,-0.08715,0.40760
-0.48889,-0.08483,0.40892
-0.48889,-0.08483,0.40892
-0.48889,-0.08483,0.40892
-0.48889,-0.08483,0.40892
-0.48889,-0.08483,0.40892
-0.48883,-0.08257,0.41019
-0.48883,-0.08257,0.41019
-0.48883,-0.08257,0.41019
-0.48883,-0.08257,0.41019
-0.48883,-0.08257,0.41019
-0.48877,-0.08027,0.41143
-0.48877,-0.08027,0.41143
-0.48877,-0.08027,0.41143
-0.48877,-0.08027,0.41143
-0.48877,-0.08027,0.41143
-0.48874,-0.07779,0.41264
-0.48874,-0.07779,0.41264
-0.48874,-0.07779,0.41264
-0.48874,-0.07779,0.41264
-0.48874,-0.07779,0.41264
-0.48870,-0.07528,0.41384
-0.48870,-0.07528,0.41384
-0.48870,-0.07528,0.41384
-0.48870,-0.07528,0.41384
-0.48870,-0.07528,0.41384
-0.48864,-0.07292,0.41505
-0.48864,-0.07292,0.41505
-0.48864,-0.07292,0.41505
-0.48864,-0.07292,0.41505
-0.48864,-0.07292,0.41505
-0.48856,-0.07060,0.41620
-0.48856,-0.07060,0.41620
-0.48856,-0.07060,0.41620
-0.48856,-0.07060,0.41620
-0.48856,-0.07060,0.41620
-0.48852,-0.06814,0.41726
-0.48852,-0.06814,0.41726
-0.48852,-0.06814,0.41726
-0.48852,-0.06814,0.41726
-0.48852,-0.06814,0.41726
-0.48847,-0.06558,0.41829
-0.48847,-0.06558,0.41829
-0.48847,-0.06558,0.41829
-0.48847,-0.06558,0.41829
-0.48847,-0.06558,0.41829
-0.48842,-0.06307,0.41927
-0.48842,-0.06307,0.41927
-0.48842,-0.06307,0.41927
-0.48842,-0.06307,0.41927
-0.48842,-0.06307,0.41927
-0.48834,-0.06065,0.42021
-0.48834,-0.06065,0.42021
-0.48834,-0.06065,0.42021
-0.48834,-0.06065,0.42021
-0.48834,-0.06065,0.42021
-0.48829,-0.05816,0.42111
-0.48829,-0.05816,0.42111
-0.48829,-0.05816,0.42111
-0.48829,-0.05816,0.42111
-0.48829,-0.05816,0.42111
-0.48824,-0.05555,0.42200
-0.48824,-0.05555,0.42200
-0.48824,-0.05555,0.42200
-0.48824,-0.05555,0.42200
-0.48824,-0.05555,0.42200
-0.48822,-0.05295,0.42286
-0.48822,-0.05295,0.42286
-0.48822,-0.05295,0.42286
-0.48822,-0.05295,0.42286
-0.48822,-0.05295,0.42286
-0.48817,-0.05044,0.42369
-0.48817,-0.05044,0.42369
-0.48817,-0.05044,0.42369
-0.48817,-0.05044,0.42369
-0.48817,-0.05044,0.42369
-0.48813,-0.04789,0.42452
-0.48813,-0.04789,0.42452
-0.48813,-0.04789,0.42452
-0.48813,-0.04789,0.42452
-0.48813,-0.04789,0.42452
-0.48812,-0.04530,0.42526
-0.48812,-0.04530,0.42526
-0.48812,-0.04530,0.42526
-0.48812,-0.04530,0.42526
-0.48812,-0.04530,0.42526
-0.48810,-0.04269,0.42593
-0.48810,-0.04269,0.42593
-0.48810,-0.04269,0.42593
-0.48810,-0.04269,0.42593
-0.48810,-0.04269,0.42593
-0.48807,-0.04007,0.42657
-0.48807,-0.04007,0.42657
-0.48807,-0.04007,0.42657
-0.48807,-0.04007,0.42657
-0.48807,-0.04007,0.42657
-0.48805,-0.03741,0.42719
-0.48805,-0.03741,0.42719
-0.48805,-0.03741,0.42719
-0.48805,-0.03741,0.42719
-0.48805,-0.03741,0.42719
-0.48801,-0.03472,0.42776
-0.48801,-0.03472,0.42776
-0.48801,-0.03472,0.42776
-0.48801,-0.03472,0.42776
-0.48801,-0.03472,0.42776
-0.48797,-0.03206,0.42825
-0.48797,-0.03206,0.42825
-0.48797,-0.03206,0.42825
-0.48797,-0.03206,0.42825
-0.48797,-0.03206,0.42825
-0.48795,-0.02938,0.42870
-0.48795,-0.02938,0.42870
-0.48795,-0.02938,0.42870
-0.48795,-0.02938,0.42870
-0.48795,-0.02938,0.42870
-0.48791,-0.02665,0.42915
-0.48791,-0.02665,0.42915
-0.48791,-0.02665,0.42915
-0.48791,-0.02665,0.42915
-0.48791,-0.02665,0.42915
-0.48787,-0.02392,0.42952
-0.48787,-0.02392,0.42952
-0.48787,-0.02392,0.42952
-0.48787,-0.02392,0.42952
-0.48787,-0.02392,0.42952
-0.48784,-0.02123,0.42984
-0.48784,-0.02123,0.42984
-0.48784,-0.02123,0.42984
-0.48784,-0.02123,0.42984
-0.48784,-0.02123,0.42984
-0.48784,-0.01849,0.43015
-0.48784,-0.01849,0.43015
-0.48784,-0.01849,0.43015
-0.48784,-0.01849,0.43015
-0.48784,-0.01849,0.43015
-0.48784,-0.01571,0.43042
-0.48784,-0.01571,0.43042
-0.48784,-0.01571,0.43042
-0.48784,-0.01571,0.43042
-0.48784,-0.01571,0.43042
-0.48785,-0.01294,0.43062
-0.48785,-0.01294,0.43062
-0.48785,-0.01294,0.43062
-0.48785,-0.01294,0.43062
-0.48785,-0.01294,0.43062
-0.48784,-0.01018,0.43079
-0.48784,-0.01018,0.43079
-0.48784,-0.01018,0.43079
-0.48784,-0.01018,0.43079
-0.48784,-0.01018,0.43079
-0.48780,-0.00741,0.43093
-0.48780,-0.00741,0.43093
-0.48780,-0.00741,0.43093
-0.48780,-0.00741,0.43093
-0.48780,-0.00741,0.43093
-0.48777,-0.00461,0.43101
-0.48777,-0.00461,0.43101
-0.48777,-0.00461,0.43101
-0.48777,-0.00461,0.43101
-0.48777,-0.00461,0.43101
-0.48775,-0.00182,0.43104
-0.48775,-0.00182,0.43104
-0.48775,-0.00182,0.43104
-0.48775,-0.00182,0.43104
-0.48775,-0.00182,0.43104
-0.48775,0.00097,0.43105
-0.48775,0.00097,0.43105
-0.48775,0.00097,0.43105
-0.48775,0.00097,0.43105
-0.48775,0.00097,0.43105
-0.48774,0.00378,0.43104
-0.48774,0.00378,0.43104
-0.48774,0.00378,0.43104
-0.48774,0.00378,0.43104
-0.48774,0.00378,0.43104
-0.48773,0.00658,0.43100
-0.48773,0.00658,0.43100
-0.48773,0.00658,0.43100
-0.48773,0.00658,0.43100
-0.48773,0.00658,0.43100
-0.48769,0.00939,0.43094
-0.48769,0.00939,0.43094
-0.48769,0.00939,0.43094
-0.48769,0.00939,0.43094
-0.48769,0.00939,0.43094
-0.48764,0.01219,0.43089
-0.48764,0.01219,0.43089
-0.48764,0.01219,0.43089
-0.48764,0.01219,0.43089
-0.48764,0.01219,0.43089
-0.48758,0.01500,0.43081
-0.48758,0.01500,0.43081
-0.48758,0.01500,0.43081
-0.48758,0.01500,0.43081
-0.48758,0.01500,0.43081
-0.48751,0.01780,0.43071
-0.48751,0.01780,0.43071
-0.48751,0.01780,0.43071
-0.48751,0.01780,0.43071
-0.48751,0.01780,0.43071
-0.48743,0.02061,0.43061
-0.48743,0.02061,0.43061
-0.48743,0.02061,0.43061
-0.48743,0.02061,0.43061
-0.48743,0.02061,0.43061
-0.48733,0.02342,0.43050
-0.48733,0.02342,0.43050
-0.48733,0.02342,0.43050
-0.48733,0.02342,0.43050
-0.48733,0.02342,0.43050
-0.48722,0.02621,0.43035
-0.48722,0.02621,0.43035
-0.48722,0.02621,0.43035
-0.48722,0.02621,0.43035
-0.48722,0.02621,0.43035
-0.48710,0.02901,0.43020
-0.48710,0.02901,0.43020
-0.48710,0.02901,0.43020
-0.48710,0.02901,0.43020
-0.48710,0.02901,0.43020
-0.48696,0.03179,0.43004
-0.48696,0.03179,0.43004
-0.48696,0.03179,0.43004
-0.48696,0.03179,0.43004
-0.48696,0.03179,0.43004
-0.48683,0.03457,0.42982
-0.48683,0.03457,0.42982
-0.48683,0.03457,0.42982
-0.48683,0.03457,0.42982
-0.48683,0.03457,0.42982
-0.48668,0.03733,0.42958
-0.48668,0.03733,0.42958
-0.48668,0.03733,0.42958
-0.48668,0.03733,0.42958
-0.48668,0.03733,0.42958
-0.48652,0.04010,0.42932
-0.48652,0.04010,0.42932
-0.48652,0.04010,0.42932
-0.48652,0.04010,0.42932
-0.48652,0.04010,0.42932
-0.48635,0.04288,0.42903
-0.48635,0.04288,0.42903
-0.48635,0.04288,0.42903
-0.48635,0.04288,0.42903
-0.48635,0.04288,0.42903
-0.48618,0.04563,0.42869
-0.48618,0.04563,0.42869
-0.48618,0.04563,0.42869
-0.48618,0.04563,0.42869
-0.48618,0.04563,0.42869
-0.48600,0.04836,0.42833
-0.48600,0.04836,0.42833
-0.48600,0.04836,0.42833
-0.48600,0.04836,0.42833
-0.48600,0.04836,0.42833
-0.48581,0.05109,0.42795
-0.48581,0.05109,0.42795
-0.48581,0.05109,0.42795
-0.48581,0.05109,0.42795
-0.48581,0.05109,0.42795
-0.48562,0.05381,0.42750
-0.48562,0.05381,0.42750
-0.48562,0.05381,0.42750
-0.48562,0.05381,0.42750
-0.48562,0.05381,0.42750
-0.48543,0.05650,0.42701
-0.48543,0.05650,0.42701
-0.48543,0.05650,0.42701
-0.48543,0.05650,0.42701
-0.48543,0.05650,0.42701
-0.48523,0.05920,0.42651
-0.48523,0.05920,0.42651
-0.48523,0.05920,0.42651
-0.48523,0.05920,0.42651
-0.48523,0.05920,0.42651
-0.48502,0.06191,0.42597
-0.48502,0.06191,0.42597
-0.48502,0.06191,0.42597
-0.48502,0.06191,0.42597
-0.48502,0.06191,0.42597
-0.48482,0.06456,0.42537
-0.48482,0.06456,0.42537
-0.48482,0.06456,0.42537
-0.48482,0.06456,0.42537
-0.48482,0.06456,0.42537
-0.48461,0.06721,0.42474
-0.48461,0.06721,0.42474
-0.48461,0.06721,0.42474
-0.48461,0.06721,0.42474
-0.48461,0.06721,0.42474
-0.48439,0.06986,0.42411
-0.48439,0.06986,0.42411
-0.48439,0.06986,0.42411
-0.48439,0.06986,0.42411
-0.48439,0.06986,0.42411
-0.48417,0.07249,0.42340
-0.48417,0.07249,0.42340
-0.48417,0.07249,0.42340
-0.48417,0.07249,0.42340
-0.48417,0.07249,0.42340
-0.48396,0.07508,0.42262
-0.48396,0.07508,0.42262
-0.48396,0.07508,0.42262
-0.48396,0.07508,0.42262
-0.48396,0.07508,0.42262
-0.48373,0.07768,0.42189
-0.48373,0.07768,0.42189
-0.48373,0.07768,0.42189
-0.48373,0.07768,0.42189
-0.48373,0.07768,0.42189
-0.48349,0.08028,0.42112
-0.48349,0.08028,0.42112
-0.48349,0.08028,0.42112
-0.48349,0.08028,0.42112
-0.48349,0.08028,0.42112
-0.48325,0.08283,0.42029
-0.48325,0.08283,0.42029
-0.48325,0.08283,0.42029
-0.48325,0.08283,0.42029
-0.48325,0.08283,0.42029
-0.48301,0.08535,0.41947
-0.48301,0.08535,0.41947
-0.48301,0.08535,0.41947
-0.48301,0.08535,0.41947
-0.48301,0.08535,0.41947
-0.48276,0.08788,0.41863
-0.48276,0.08788,0.41863
-0.48276,0.08788,0.41863
-0.48276,0.08788,0.41863
-0.48276,0.08788,0.41863
-0.48251,0.09040,0.41774
-0.48251,0.09040,0.41774
-0.48251,0.09040,0.41774
-0.48251,0.09040,0.41774
-0.48251,0.09040,0.41774
-0.48229,0.09286,0.41679
-0.48229,0.09286,0.41679
-0.48229,0.09286,0.41679
-0.48229,0.09286,0.41679
-0.48229,0.09286,0.41679
-0.48206,0.09532,0.41583
-0.48206,0.09532,0.41583
-0.48206,0.09532,0.41583
-0.48206,0.09532,0.41583
-0.48206,0.09532,0.41583
-0.48184,0.09780,0.41482
-0.48184,0.09780,0.41482
-0.48184,0.09780,0.41482
-0.48184,0.09780,0.41482
-0.48184,0.09780,0.41482
-0.48166,0.10026,0.41376
-0.48166,0.10026,0.41376
-0.48166,0.10026,0.41376
-0.48166,0.10026,0.41376
-0.48166,0.10026,0.41376
-0.48154,0.10266,0.41264
-0.48154,0.10266,0.41264
-0.48154,0.10266,0.41264
-0.48154,0.10266,0.41264
-0.48154,0.10266,0.41264
-0.48139,0.10507,0.41158
-0.48139,0.10507,0.41158
-0.48139,0.10507,0.41158
-0.48139,0.10507,0.41158
-0.48139,0.10507,0.41158
-0.48125,0.10751,0.41049
-0.48125,0.10751,0.41049
-0.48125,0.10751,0.41049
-0.48125,0.10751,0.41049
-0.48125,0.10751,0.41049
-0.48109,0.10990,0.40937
-0.48109,0.10990,0.40937
-0.48109,0.10990,0.40937
-0.48109,0.10990,0.40937
-0.48109,0.10990,0.40937
-0.48094,0.11224,0.40823
-0.48094,0.11224,0.40823
-0.48094,0.11224,0.40823
-0.48094,0.11224,0.40823
-0.48094,0.11224,0.40823
-0.48075,0.11458,0.40706
-0.48075,0.11458,0.40706
-0.48075,0.11458,0.40706
-0.48075,0.11458,0.40706
-0.48075,0.11458,0.40706
-0.48057,0.11696,0.40582
-0.48057,0.11696,0.40582
-0.48057,0.11696,0.40582
-0.48057,0.11696,0.40582
-0.48057,0.11696,0.40582
-0.48037,0.11929,0.40454
-0.48037,0.11929,0.40454
-0.48037,0.11929,0.40454
-0.48037,0.11929,0.40454
-0.48037,0.11929,0.40454
-0.48018,0.12158,0.40323
-0.48018,0.12158,0.40323
-0.48018,0.12158,0.40323
-0.48018,0.12158,0.40323
-0.48018,0.12158,0.40323
-0.47999,0.12386,0.40195
-0.47999,0.12386,0.40195
-0.47999,0.12386,0.40195
-0.47999,0.12386,0.40195
-0.47999,0.12386,0.40195
-0.47978,0.12618,0.40066
-0.47978,0.12618,0.40066
-0.47978,0.12618,0.40066
-0.47978,0.12618,0.40066
-0.47978,0.12618,0.40066
-0.47957,0.12847,0.39937
-0.47957,0.12847,0.39937
-0.47957,0.12847,0.39937
-0.47957,0.12847,0.39937
-0.47957,0.12847,0.39937
-0.47938,0.13071,0.39807
-0.47938,0.13071,0.39807
-0.47938,0.13071,0.39807
-0.47938,0.13071,0.39807
-0.47938,0.13071,0.39807
-0.47920,0.13294,0.39671
-0.47920,0.13294,0.39671
-0.47920,0.13294,0.39671
-0.47920,0.13294,0.39671
-0.47920,0.13294,0.39671
-0.47900,0.13523,0.39532
-0.47900,0.13523,0.39532
-0.47900,0.13523,0.39532
-0.47900,0.13523,0.39532
-0.47900,0.13523,0.39532
-0.47880,0.13749,0.39389
-0.47880,0.13749,0.39389
-0.47880,0.13749,0.39389
-0.47880,0.13749,0.39389
-0.47880,0.13749,0.39389
-0.47862,0.13970,0.39243
-0.47862,0.13970,0.39243
-0.47862,0.13970,0.39243
-0.47862,0.13970,0.39243
-0.47862,0.13970,0.39243
-0.47842,0.14187,0.39104
-0.47842,0.14187,0.39104
-0.47842,0.14187,0.39104
-0.47842,0.14187,0.39104
-0.47842,0.14187,0.39104
-0.47821,0.14408,0.38966
-0.47821,0.14408,0.38966
-0.47821,0.14408,0.38966
-0.47821,0.14408,0.38966
-0.47821,0.14408,0.38966
-0.47801,0.14629,0.38825
-0.47801,0.14629,0.38825
-0.47801,0.14629,0.38825
-0.47801,0.14629,0.38825
-0.47801,0.14629,0.38825
-0.47780,0.14848,0.38677
-0.47780,0.14848,0.38677
-0.47780,0.14848,0.38677
-0.47780,0.14848,0.38677
-0.47780,0.14848,0.38677
-0.47760,0.15062,0.38529
-0.47760,0.15062,0.38529
-0.47760,0.15062,0.38529
-0.47760,0.15062,0.38529
-0.47760,0.15062,0.38529
-0.47740,0.15274,0.38376
-0.47740,0.15274,0.38376
-0.47740,0.15274,0.38376
-0.47740,0.15274,0.38376
-0.47740,0.15274,0.38376
-0.47718,0.15490,0.38222
-0.47718,0.15490,0.38222
-0.47718,0.15490,0.38222
-0.47718,0.15490,0.38222
-0.47718,0.15490,0.38222
-0.47693,0.15705,0.38074
-0.47693,0.15705,0.38074
-0.47693,0.15705,0.38074
-0.47693,0.15705,0.38074
-0.47693,0.15705,0.38074
-0.47668,0.15918,0.37927
-0.47668,0.15918,0.37927
-0.47668,0.15918,0.37927
-0.47668,0.15918,0.37927
-0.47668,0.15918,0.37927
-0.47645,0.16125,0.37775
-0.47645,0.16125,0.37775
-0.47645,0.16125,0.37775
-0.47645,0.16125,0.37775
-0.47645,0.16125,0.37775
-0.47622,0.16332,0.37618
-0.47622,0.16332,0.37618
-0.47622,0.16332,0.37618
-0.47622,0.16332,0.37618
-0.47622,0.16332,0.37618
-0.47597,0.16543,0.37460
-0.47597,0.16543,0.37460
-0.47597,0.16543,0.37460
-0.47597,0.16543,0.37460
-0.47597,0.16543,0.37460
-0.47573,0.16753,0.37296
-0.47573,0.16753,0.37296
-0.47573,0.16753,0.37296
-0.47573,0.16753,0.37296
-0.47573,0.16753,0.37296
-0.47549,0.16958,0.37139
-0.47549,0.16958,0.37139
-0.47549,0.16958,0.37139
-0.47549,0.16958,0.37139
-0.47549,0.16958,0.37139
-0.47527,0.17158,0.36988
-0.47527,0.17158,0.36988
-0.47527,0.17158,0.36988
-0.47527,0.17158,0.36988
-0.47527,0.17158,0.36988
-0.47502,0.17363,0.36832
-0.47502,0.17363,0.36832
-0.47502,0.17363,0.36832
-0.47502,0.17363,0.36832
-0.47502,0.17363,0.36832
-0.47477,0.17572,0.36670
-0.47477,0.17572,0.36670
-0.47477,0.17572,0.36670
-0.47477,0.17572,0.36670
-0.47477,0.17572,0.36670
-0.47451,0.17777,0.36507
-0.47451,0.17777,0.36507
-0.47451,0.17777,0.36507
-0.47451,0.17777,0.36507
-0.47451,0.17777,0.36507
-0.47428,0.17975,0.36340
-0.47428,0.17975,0.36340
-0.47428,0.17975,0.36340
-0.47428,0.17975,0.36340
-0.47428,0.17975,0.36340
-0.47407,0.18169,0.36180
-0.47407,0.18169,0.36180
-0.47407,0.18169,0.36180
-0.47407,0.18169,0.36180
-0.47407,0.18169,0.36180
-0.47383,0.18369,0.36023
-0.47383,0.18369,0.36023
-0.47383,0.18369,0.36023
-0.47383,0.18369,0.36023
-0.47383,0.18369,0.36023
-0.47356,0.18576,0.35863
-0.47356,0.18576,0.35863
-0.47356,0.18576,0.35863
-0.47356,0.18576,0.35863
-0.47356,0.18576,0.35863
-0.47331,0.18776,0.35698
-0.47331,0.18776,0.35698
-0.47331,0.18776,0.35698
-0.47331,0.18776,0.35698
-0.47331,0.18776,0.35698
-0.47308,0.18969,0.35531
-0.47308,0.18969,0.35531
-0.47308,0.18969,0.35531
-0.47308,0.18969,0.35531
-0.47308,0.18969,0.35531
-0.47287,0.19159,0.35363
-0.47287,0.19159,0.35363
-0.47287,0.19159,0.35363
-0.47287,0.19159,0.35363
-0.47287,0.19159,0.35363
-0.47264,0.19352,0.35200
-0.47264,0.19352,0.35200
-0.47264,0.19352,0.35200
-0.47264,0.19352,0.35200
-0.47264,0.19352,0.35200
-0.47240,0.19552,0.35041
-0.47240,0.19552,0.35041
-0.47240,0.19552,0.35041
-0.47240,0.19552,0.35041
-0.47240,0.19552,0.35041
-0.47215,0.19747,0.34876
-0.47215,0.19747,0.34876
-0.47215,0.19747,0.34876
-0.47215,0.19747,0.34876
-0.47215,0.19747,0.34876
-0.47190,0.19938,0.34707
-0.47190,0.19938,0.34707
-0.47190,0.19938,0.34707
-0.47190,0.19938,0.34707
-0.47190,0.19938,0.34707
-0.47166,0.20125,0.34535
-0.47166,0.20125,0.34535
-0.47166,0.20125,0.34535
-0.47166,0.20125,0.34535
-0.47166,0.20125,0.34535
-0.47143,0.20313,0.34366
-0.47143,0.20313,0.34366
-0.47143,0.20313,0.34366
-0.47143,0.20313,0.34366
-0.47143,0.20313,0.34366
-0.47120,0.20506,0.34204
-0.47120,0.20506,0.34204
-0.47120,0.20506,0.34204
-0.47120,0.20506,0.34204
-0.47120,0.20506,0.34204
-0.47097,0.20697,0.34044
-0.47097,0.20697,0.34044
-0.47097,0.20697,0.34044
-0.47097,0.20697,0.34044
-0.47097,0.20697,0.34044
-0.47075,0.20887,0.33875
-0.47075,0.20887,0.33875
-0.47075,0.20887,0.33875
-0.47075,0.20887,0.33875
-0.47075,0.20887,0.33875
-0.47053,0.21074,0.33704
-0.47053,0.21074,0.33704
-0.47053,0.21074,0.33704
-0.47053,0.21074,0.33704
-0.47053,0.21074,0.33704
-0.47032,0.21260,0.33532
-0.47032,0.21260,0.33532
-0.47032,0.21260,0.33532
-0.47032,0.21260,0.33532
-0.47032,0.21260,0.33532
-0.47011,0.21449,0.33368
-0.47011,0.21449,0.33368
-0.47011,0.21449,0.33368
-0.47011,0.21449,0.33368
-0.47011,0.21449,0.33368
-0.46990,0.21640,0.33208
-0.46990,0.21640,0.33208
-0.46990,0.21640,0.33208
-0.46990,0.21640,0.33208
-0.46990,0.21640,0.33208
-0.46969,0.21829,0.33041
-0.46969,0.21829,0.33041
-0.46969,0.21829,0.33041
-0.46969,0.21829,0.33041
-0.46969,0.21829,0.33041
-0.46947,0.22015,0.32869
-0.46947,0.22015,0.32869
-0.46947,0.22015,0.32869
-0.46947,0.22015,0.32869
-0.46947,0.22015,0.32869
-0.46926,0.22200,0.32698
-0.46926,0.22200,0.32698
-0.46926,0.22200,0.32698
-0.46926,0.22200,0.32698
-0.46926,0.22200,0.32698
-0.46907,0.22386,0.32533
-0.46907,0.22386,0.32533
-0.46907,0.22386,0.32533
-0.46907,0.22386,0.32533
-0.46907,0.22386,0.32533
-0.46887,0.22577,0.32374
-0.46887,0.22577,0.32374
-0.46887,0.22577,0.32374
-0.46887,0.22577,0.32374
-0.46887,0.22577,0.32374
-0.46866,0.22764,0.32208
-0.46866,0.22764,0.32208
-0.46866,0.22764,0.32208
-0.46866,0.22764,0.32208
-0.46866,0.22764,0.32208
-0.46844,0.22949,0.32036
-0.46844,0.22949,0.32036
-0.46844,0.22949,0.32036
-0.46844,0.22949,0.32036
-0.46844,0.22949,0.32036
-0.46822,0.23133,0.31862
-0.46822,0.23133,0.31862
-0.46822,0.23133,0.31862
-0.46822,0.23133,0.31862
-0.46822,0.23133,0.31862
-0.46802,0.23317,0.31696
-0.46802,0.23317,0.31696
-0.46802,0.23317,0.31696
-0.46802,0.23317,0.31696
-0.46802,0.23317,0.31696
-0.46782,0.23501,0.31536
-0.46782,0.23501,0.31536
-0.46782,0.23501,0.31536
-0.46782,0.23501,0.31536
-0.46782,0.23501,0.31536
-0.46762,0.23692,0.31370
-0.46762,0.23692,0.31370
-0.46762,0.23692,0.31370
-0.46762,0.23692,0.31370
-0.46762,0.23692,0.31370
-0.46741,0.23881,0.31198
-0.46741,0.23881,0.31198
-0.46741,0.23881,0.31198
-0.46741,0.23881,0.31198
-0.46741,0.23881,0.31198
-0.46720,0.24068,0.31025
-0.46720,0.24068,0.31025
-0.46720,0.24068,0.31025
-0.46720,0.24068,0.31025
-0.46720,0.24068,0.31025
-0.46702,0.24254,0.30862
-0.46702,0.24254,0.30862
-0.46702,0.24254,0.30862
-0.46702,0.24254,0.30862
-0.46702,0.24254,0.30862
-0.46688,0.24439,0.30708
-0.46688,0.24439,0.30708
-0.46688,0.24439,0.30708
-0.46688,0.24439,0.30708
-0.46688,0.24439,0.30708
-0.46671,0.24626,0.30545
-0.46671,0.24626,0.30545
-0.46671,0.24626,0.30545
-0.46671,0.24626,0.30545
-0.46671,0.24626,0.30545
-0.46654,0.24818,0.30377
-0.46654,0.24818,0.30377
-0.46654,0.24818,0.30377
-0.46654,0.24818,0.30377
-0.46654,0.24818,0.30377
-0.46636,0.25008,0.30209
-0.46636,0.25008,0.30209
-0.46636,0.25008,0.30209
-0.46636,0.25008,0.30209
-0.46636,0.25008,0.30209
-0.46619,0.25199,0.30050
-0.46619,0.25199,0.30050
-0.46619,0.25199,0.30050
-0.46619,0.25199,0.30050
-0.46619,0.25199,0.30050
-0.46604,0.25386,0.29897
-0.46604,0.25386,0.29897
-0.46604,0.25386,0.29897
-0.46604,0.25386,0.29897
-0.46604,0.25386,0.29897
-0.46589,0.25571,0.29736
-0.46589,0.25571,0.29736
-0.46589,0.25571,0.29736
-0.46589,0.25571,0.29736
-0.46589,0.25571,0.29736
-0.46570,0.25758,0.29567
-0.46570,0.25758,0.29567
-0.46570,0.25758,0.29567
-0.46570,0.25758,0.29567
-0.46570,0.25758,0.29567
-0.46547,0.25950,0.29399
-0.46547,0.25950,0.29399
-0.46547,0.25950,0.29399
-0.46547,0.25950,0.29399
-0.46547,0.25950,0.29399
-0.46527,0.26142,0.29244
-0.46527,0.26142,0.29244
-0.46527,0.26142,0.29244
-0.46527,0.26142,0.29244
-0.46527,0.26142,0.29244
-0.46509,0.26333,0.29094
-0.46509,0.26333,0.29094
-0.46509,0.26333,0.29094
-0.46509,0.26333,0.29094
-0.46509,0.26333,0.29094
-0.46495,0.26522,0.28936
-0.46495,0.26522,0.28936
-0.46495,0.26522,0.28936
-0.46495,0.26522,0.28936
-0.46495,0.26522,0.28936
-0.46482,0.26711,0.28772
-0.46482,0.26711,0.28772
-0.46482,0.26711,0.28772
-0.46482,0.26711,0.28772
-0.46482,0.26711,0.28772
-0.46470,0.26906,0.28614
-0.46470,0.26906,0.28614
-0.46470,0.26906,0.28614
-0.46470,0.26906,0.28614
-0.46470,0.26906,0.28614
-0.46458,0.27104,0.28468
-0.46458,0.27104,0.28468
-0.46458,0.27104,0.28468
-0.46458,0.27104,0.28468
-0.46458,0.27104,0.28468
-0.46447,0.27302,0.28325
-0.46447,0.27302,0.28325
-0.46447,0.27302,0.28325
-0.46447,0.27302,0.28325
-0.46447,0.27302,0.28325
-0.46431,0.27497,0.28169
-0.46431,0.27497,0.28169
-0.46431,0.27497,0.28169
-0.46431,0.27497,0.28169
-0.46431,0.27497,0.28169
-0.46416,0.27690,0.28009
-0.46416,0.27690,0.28009
-0.46416,0.27690,0.28009
-0.46416,0.27690,0.28009
-0.46416,0.27690,0.28009
-0.46404,0.27883,0.27860
-0.46404,0.27883,0.27860
-0.46404,0.27883,0.27860
-0.46404,0.27883,0.27860
-0.46404,0.27883,0.27860
-0.46393,0.28078,0.27720
-0.46393,0.28078,0.27720
-0.46393,0.28078,0.27720
-0.46393,0.28078,0.27720
-0.46393,0.28078,0.27720
-0.46381,0.28279,0.27578
-0.46381,0.28279,0.27578
-0.46381,0.28279,0.27578
-0.46381,0.28279,0.27578
-0.46381,0.28279,0.27578
-0.46369,0.28484,0.27431
-0.46369,0.28484,0.27431
-0.46369,0.28484,0.27431
-0.46369,0.28484,0.27431
-0.46369,0.28484,0.27431
-0.46352,0.28685,0.27278
-0.46352,0.28685,0.27278
-0.46352,0.28685,0.27278
-0.46352,0.28685,0.27278
-0.46352,0.28685,0.27278
-0.46342,0.28885,0.27138
-0.46342,0.28885,0.27138
-0.46342,0.28885,0.27138
-0.46342,0.28885,0.27138
-0.46342,0.28885,0.27138
-0.46337,0.29085,0.27005
-0.46337,0.29085,0.27005
-0.46337,0.29085,0.27005
-0.46337,0.29085,0.27005
-0.46337,0.29085,0.27005
-0.46329,0.29286,0.26867
-0.46329,0.29286,0.26867
-0.46329,0.29286,0.26867
-0.46329,0.29286,0.26867
-0.46329,0.29286,0.26867
-0.46317,0.29493,0.26721
-0.46317,0.29493,0.26721
-0.46317,0.29493,0.26721
-0.46317,0.29493,0.26721
-0.46317,0.29493,0.26721
-0.46304,0.29705,0.26582
-0.46304,0.29705,0.26582
-0.46304,0.29705,0.26582
-0.46304,0.29705,0.26582
-0.46304,0.29705,0.26582
-0.46292,0.29913,0.26455
-0.46292,0.29913,0.26455
-0.46292,0.29913,0.26455
-0.46292,0.29913,0.26455
-0.46292,0.29913,0.26455
-0.46284,0.30117,0.26331
-0.46284,0.30117,0.26331
-0.46284,0.30117,0.26331
-0.46284,0.30117,0.26331
-0.46284,0.30117,0.26331
-0.46277,0.30320,0.26197
-0.46277,0.30320,0.26197
-0.46277,0.30320,0.26197
-0.46277,0.30320,0.26197
-0.46277,0.30320,0.26197
-0.46268,0.30528,0.26060
-0.46268,0.30528,0.26060
-0.46268,0.30528,0.26060
-0.46268,0.30528,0.26060
-0.46268,0.30528,0.26060
-0.46256,0.30745,0.25930
-0.46256,0.30745,0.25930
-0.46256,0.30745,0.25930
-0.46256,0.30745,0.25930
-0.46256,0.30745,0.25930
-0.46248,0.30965,0.25819
-0.46248,0.30965,0.25819
-0.46248,0.30965,0.25819
-0.46248,0.30965,0.25819
-0.46248,0.30965,0.25819
-0.46239,0.31180,0.25704
-0.46239,0.31180,0.25704
-0.46239,0.31180,0.25704
-0.46239,0.31180,0.25704
-0.46239,0.31180,0.25704
-0.46231,0.31391,0.25579
-0.46231,0.31391,0.25579
-0.46231,0.31391,0.25579
-0.46231,0.31391,0.25579
-0.46231,0.31391,0.25579
-0.46225,0.31605,0.25455
-0.46225,0.31605,0.25455
-0.46225,0.31605,0.25455
-0.46225,0.31605,0.25455
-0.46225,0.31605,0.25455
-0.46222,0.31822,0.25342
-0.46222,0.31822,0.25342
-0.46222,0.31822,0.25342
-0.46222,0.31822,0.25342
-0.46222,0.31822,0.25342
-0.46221,0.32049,0.25245
-0.46221,0.32049,0.25245
-0.46221,0.32049,0.25245
-0.46221,0.32049,0.25245
-0.46221,0.32049,0.25245
-0.46216,0.32275,0.25140
-0.46216,0.32275,0.25140
-0.46216,0.32275,0.25140
-0.46216,0.32275,0.25140
-0.46216,0.32275,0.25140
-0.46209,0.32501,0.25028
-0.46209,0.32501,0.25028
-0.46209,0.32501,0.25028
-0.46209,0.32501,0.25028
-0.46209,0.32501,0.25028
-0.46207,0.32727,0.24917
-0.46207,0.32727,0.24917
-0.46207,0.32727,0.24917
-0.46207,0.32727,0.24917
-0.46207,0.32727,0.24917
-0.46211,0.32954,0.24821
-0.46211,0.32954,0.24821
-0.46211,0.32954,0.24821
-0.46211,0.32954,0.24821
-0.46211,0.32954,0.24821
-0.46216,0.33181,0.24731
-0.46216,0.33181,0.24731
-0.46216,0.33181,0.24731
-0.46216,0.33181,0.24731
-0.46216,0.33181,0.24731
-0.46215,0.33413,0.24633
-0.46215,0.33413,0.24633
-0.46215,0.33413,0.24633
-0.46215,0.33413,0.24633
-0.46215,0.33413,0.24633
-0.46209,0.33649,0.24530
-0.46209,0.33649,0.24530
-0.46209,0.33649,0.24530
-0.46209,0.33649,0.24530
-0.46209,0.33649,0.24530
-0.46202,0.33886,0.24431
-0.46202,0.33886,0.24431
-0.46202,0.33886,0.24431
-0.46202,0.33886,0.24431
-0.46202,0.33886,0.24431
-0.46203,0.34121,0.24346
-0.46203,0.34121,0.24346
-0.46203,0.34121,0.24346
-0.46203,0.34121,0.24346
-0.46203,0.34121,0.24346
-0.46204,0.34352,0.24260
-0.46204,0.34352,0.24260
-0.46204,0.34352,0.24260
-0.46204,0.34352,0.24260
-0.46204,0.34352,0.24260
-0.46204,0.34584,0.24169
-0.46204,0.34584,0.24169
-0.46204,0.34584,0.24169
-0.46204,0.34584,0.24169
-0.46204,0.34584,0.24169
-0.46197,0.34825,0.24074
-0.46197,0.34825,0.24074
-0.46197,0.34825,0.24074
-0.46197,0.34825,0.24074
-0.46197,0.34825,0.24074
-0.46187,0.35070,0.23985
-0.46187,0.35070,0.23985
-0.46187,0.35070,0.23985
-0.46187,0.35070,0.23985
-0.46187,0.35070,0.23985
-0.46176,0.35312,0.23902
-0.46176,0.35312,0.23902
-0.46176,0.35312,0.23902
-0.46176,0.35312,0.23902
-0.46176,0.35312,0.23902
-0.46172,0.35550,0.23826
-0.46172,0.35550,0.23826
-0.46172,0.35550,0.23826
-0.46172,0.35550,0.23826
-0.46172,0.35550,0.23826
-0.46170,0.35788,0.23749
-0.46170,0.35788,0.23749
-0.46170,0.35788,0.23749
-0.46170,0.35788,0.23749
-0.46170,0.35788,0.23749
-0.46167,0.36028,0.23669
-0.46167,0.36028,0.23669
-0.46167,0.36028,0.23669
-0.46167,0.36028,0.23669
-0.46167,0.36028,0.23669
-0.46154,0.36272,0.23585
-0.46154,0.36272,0.23585
-0.46154,0.36272,0.23585
-0.46154,0.36272,0.23585
-0.46154,0.36272,0.23585
-0.46142,0.36521,0.23515
-0.46142,0.36521,0.23515
-0.46142,0.36521,0.23515
-0.46142,0.36521,0.23515
-0.46142,0.36521,0.23515
-0.46134,0.36770,0.23457
-0.46134,0.36770,0.23457
-0.46134,0.36770,0.23457
-0.46134,0.36770,0.23457
-0.46134,0.36770,0.23457
-0.46130,0.37016,0.23400
-0.46130,0.37016,0.23400
-0.46130,0.37016,0.23400
-0.46130,0.37016,0.23400
-0.46130,0.37016,0.23400
-0.46123,0.37256,0.23331
-0.46123,0.37256,0.23331
-0.46123,0.37256,0.23331
-0.46123,0.37256,0.23331
-0.46123,0.37256,0.23331
-0.46116,0.37499,0.23266
-0.46116,0.37499,0.23266
-0.46116,0.37499,0.23266
-0.46116,0.37499,0.23266
-0.46116,0.37499,0.23266
-0.46106,0.37752,0.23214
-0.46106,0.37752,0.23214
-0.46106,0.37752,0.23214
-0.46106,0.37752,0.23214
-0.46106,0.37752,0.23214
-0.46095,0.38006,0.23170
-0.46095,0.38006,0.23170
-0.46095,0.38006,0.23170
-0.46095,0.38006,0.23170
-0.46095,0.38006,0.23170
-0.46082,0.38257,0.23125
-0.46082,0.38257,0.23125
-0.46082,0.38257,0.23125
-0.46082,0.38257,0.23125
-0.46082,0.38257,0.23125
-0.46073,0.38508,0.23082
-0.46073,0.38508,0.23082
-0.46073,0.38508,0.23082
-0.46073,0.38508,0.23082
-0.46073,0.38508,0.23082
-0.46068,0.38758,0.23044
-0.46068,0.38758,0.23044
-0.46068,0.38758,0.23044
-0.46068,0.38758,0.23044
-0.46068,0.38758,0.23044
-0.46055,0.39006,0.23000
-0.46055,0.39006,0.23000
-0.46055,0.39006,0.23000
-0.46055,0.39006,0.23000
-0.46055,0.39006,0.23000
-0.46038,0.39260,0.22965
-0.46038,0.39260,0.22965
-0.46038,0.39260,0.22965
-0.46038,0.39260,0.22965
-0.46038,0.39260,0.22965
-0.46023,0.39517,0.22944
-0.46023,0.39517,0.22944
-0.46023,0.39517,0.22944
-0.46023,0.39517,0.22944
-0.46023,0.39517,0.22944
-0.46009,0.39774,0.22930
-0.46009,0.39774,0.22930
-0.46009,0.39774,0.22930
-0.46009,0.39774,0.22930
-0.46009,0.39774,0.22930
-0.45993,0.40025,0.22909
-0.45993,0.40025,0.22909
-0.45993,0.40025,0.22909
-0.45993,0.40025,0.22909
-0.45993,0.40025,0.22909
-0.45981,0.40273,0.22890
-0.45981,0.40273,0.22890
-0.45981,0.40273,0.22890
-0.45981,0.40273,0.22890
-0.45981,0.40273,0.22890
-0.45973,0.40517,0.22878
-0.45973,0.40517,0.22878
-0.45973,0.40517,0.22878
-0.45973,0.40517,0.22878
-0.45973,0.40517,0.22878
-0.45955,0.40751,0.22863
-0.45955,0.40751,0.22863
-0.45955,0.40751,0.22863
-0.45955,0.40751,0.22863
-0.45955,0.40751,0.22863
-0.45933,0.40971,0.22851
-0.45933,0.40971,0.22851
-0.45933,0.40971,0.22851
-0.45933,0.40971,0.22851
-0.45933,0.40971,0.22851
-0.45912,0.41179,0.22847
-0.45912,0.41179,0.22847
-0.45912,0.41179,0.22847
-0.45912,0.41179,0.22847
-0.45912,0.41179,0.22847
-0.45896,0.41369,0.22848
-0.45896,0.41369,0.22848
-0.45896,0.41369,0.22848
-0.45896,0.41369,0.22848
-0.45896,0.41369,0.22848
-0.45884,0.41529,0.22841
-0.45884,0.41529,0.22841
-0.45884,0.41529,0.22841
-0.45884,0.41529,0.22841
-0.45884,0.41529,0.22841
-0.45880,0.41669,0.22831
-0.45880,0.41669,0.22831
-0.45880,0.41669,0.22831
-0.45880,0.41669,0.22831
-0.45880,0.41669,0.22831
-0.45879,0.41795,0.22822
-0.45879,0.41795,0.22822
-0.45879,0.41795,0.22822
-0.45879,0.41795,0.22822
-0.45879,0.41795,0.22822
-0.45881,0.41908,0.22819
-0.45881,0.41908,0.22819
-0.45881,0.41908,0.22819
-0.45881,0.41908,0.22819
-0.45881,0.41908,0.22819
-0.45891,0.42007,0.22820
-0.45891,0.42007,0.22820
-0.45891,0.42007,0.22820
-0.45891,0.42007,0.22820
-0.45891,0.42007,0.22820
-0.45914,0.42086,0.22823
-0.45914,0.42086,0.22823
-0.45914,0.42086,0.22823
-0.45914,0.42086,0.22823
-0.45914,0.42086,0.22823
-0.45946,0.42151,0.22827
-0.45946,0.42151,0.22827
-0.45946,0.42151,0.22827
-0.45946,0.42151,0.22827
-0.45946,0.42151,0.22827
-0.45985,0.42206,0.22837
-0.45985,0.42206,0.22837
-0.45985,0.42206,0.22837
-0.45985,0.42206,0.22837
-0.45985,0.42206,0.22837
-0.46030,0.42251,0.22852
-0.46030,0.42251,0.22852
-0.46030,0.42251,0.22852
-0.46030,0.42251,0.22852
-0.46030,0.42251,0.22852
-0.46069,0.42295,0.22871
-0.46069,0.42295,0.22871
-0.46069,0.42295,0.22871
-0.46069,0.42295,0.22871
-0.46069,0.42295,0.22871
-0.46102,0.42332,0.22887
-0.46102,0.42332,0.22887
-0.46102,0.42332,0.22887
-0.46102,0.42332,0.22887
-0.46102,0.42332,0.22887
-0.46132,0.42360,0.22904
-0.46132,0.42360,0.22904
-0.46132,0.42360,0.22904
-0.46132,0.42360,0.22904
-0.46132,0.42360,0.22904
-0.46149,0.42381,0.22916
-0.46149,0.42381,0.22916
-0.46149,0.42381,0.22916
-0.46149,0.42381,0.22916
-0.46149,0.42381,0.22916
-0.46153,0.42396,0.22922
-0.46153,0.42396,0.22922
-0.46153,0.42396,0.22922
-0.46153,0.42396,0.22922
-0.46153,0.42396,0.22922
-0.46145,0.42405,0.22926
-0.46145,0.42405,0.22926
-0.46145,0.42405,0.22926
-0.46145,0.42405,0.22926
-0.46145,0.42405,0.22926
-0.46124,0.42412,0.22927
-0.46124,0.42412,0.22927
-0.46124,0.42412,0.22927
-0.46124,0.42412,0.22927
-0.46124,0.42412,0.22927
-0.46098,0.42421,0.22925
-0.46098,0.42421,0.22925
-0.46098,0.42421,0.22925
-0.46098,0.42421,0.22925
-0.46098,0.42421,0.22925
-0.46074,0.42428,0.22924
-0.46074,0.42428,0.22924
-0.46074,0.42428,0.22924
-0.46074,0.42428,0.22924
-0.46074,0.42428,0.22924
-0.46059,0.42436,0.22925
-0.46059,0.42436,0.22925
-0.46059,0.42436,0.22925
-0.46059,0.42436,0.22925
-0.46059,0.42436,0.22925
-0.46052,0.42446,0.22929
-0.46052,0.42446,0.22929
-0.46052,0.42446,0.22929
-0.46052,0.42446,0.22929
-0.46052,0.42446,0.22929
-0.46048,0.42456,0.22932
-0.46048,0.42456,0.22932
-0.46048,0.42456,0.22932
-0.46048,0.42456,0.22932
-0.46048,0.42456,0.22932
-0.46044,0.42463,0.22937
-0.46044,0.42463,0.22937
-0.46044,0.42463,0.22937
-0.46044,0.42463,0.22937
-0.46044,0.42463,0.22937
-0.46042,0.42466,0.22943
-0.46042,0.42466,0.22943
-0.46042,0.42466,0.22943
-0.46042,0.42466,0.22943
-0.46042,0.42466,0.22943
-0.46042,0.42467,0.22948
-0.46042,0.42467,0.22948
-0.46042,0.42467,0.22948
-0.46042,0.42467,0.22948
-0.46042,0.42467,0.22948
-0.46045,0.42465,0.22952
-0.46045,0.42465,0.22952
-0.46045,0.42465,0.22952
-0.46045,0.42465,0.22952
-0.46045,0.42465,0.22952
-0.46047,0.42463,0.22955
-0.46047,0.42463,0.22955
-0.46047,0.42463,0.22955
-0.46047,0.42463,0.22955
-0.46047,0.42463,0.22955
-0.46050,0.42461,0.22959
-0.46050,0.42461,0.22959
-0.46050,0.42461,0.22959
-0.46050,0.42461,0.22959
-0.46050,0.42461,0.22959
-0.46051,0.42460,0.22962
-0.46051,0.42460,0.22962
-0.46051,0.42460,0.22962
-0.46051,0.42460,0.22962
-0.46051,0.42460,0.22962
-0.46052,0.42459,0.22964
-0.46052,0.42459,0.22964
-0.46052,0.42459,0.22964
-0.46052,0.42459,0.22964
-0.46052,0.42459,0.22964
-0.46053,0.42458,0.22966
-0.46053,0.42458,0.22966
-0.46053,0.42458,0.22966
-0.46053,0.42458,0.22966
-0.46053,0.42458,0.22966
-0.46054,0.42458,0.22966
-0.46054,0.42458,0.22966
-0.46054,0.42458,0.22966
-0.46054,0.42458,0.22966
-0.46054,0.42458,0.22966
-0.46054,0.42457,0.22966
-0.46054,0.42457,0.22966
-0.46054,0.42457,0.22966
-0.46054,0.42457,0.22966
-0.46054,0.42457,0.22966
-0.46054,0.42458,0.22965
-0.46054,0.42458,0.22965
-0.46054,0.42458,0.22965
-0.46054,0.42458,0.22965
-0.46054,0.42458,0.22965
-0.46053,0.42459,0.22964
