-0.46052,0.42460,0.22964
-0.46052,0.42460,0.22964
-0.46052,0.42460,0.22964
-0.46052,0.42460,0.22964
-0.46052,0.42460,0.22964
-0.46052,0.42460,0.22964
-0.46052,0.42460,0.22964
-0.46052,0.42460,0.22964
-0.46052,0.42460,0.22964
-0.46052,0.42460,0.22964
-0.46052,0.42460,0.22964
-0.46052,0.42460,0.22964
-0.46052,0.42460,0.22964
-0.46052,0.42460,0.22964
-0.46052,0.42460,0.22964
-0.46052,0.42460,0.22964
-0.46052,0.42460,0.22964
-0.46052,0.42460,0.22964
-0.46052,0.42460,0.22964
-0.46052,0.42460,0.22964
-0.46052,0.42460,0.22964
-0.46052,0.42460,0.22964
-0.46052,0.42460,0.22964
-0.46052,0.42460,0.22964
-0.46052,0.42460,0.22964
-0.46052,0.42460,0.22964
-0.46052,0.42460,0.22964
-0.46052,0.42460,0.22964
-0.46052,0.42460,0.22964
-0.46052,0.42460,0.22964
-0.46052,0.42460,0.22964
-0.46054,0.42457,0.22963
-0.46054,0.42457,0.22963
-0.46054,0.42457,0.22963
-0.46054,0.42457,0.22963
-0.46054,0.42457,0.22963
-0.46109,0.42360,0.22944
-0.46109,0.42360,0.22944
-0.46109,0.42360,0.22944
-0.46109,0.42360,0.22944
-0.46109,0.42360,0.22944
-0.46146,0.42253,0.22919
-0.46146,0.42253,0.22919
-0.46146,0.42253,0.22919
-0.46146,0.42253,0.22919
-0.46146,0.42253,0.22919
-0.46170,0.42117,0.22891
-0.46170,0.42117,0.22891
-0.46170,0.42117,0.22891
-0.46170,0.42117,0.22891
-0.46170,0.42117,0.22891
-0.46192,0.41941,0.22841
-0.46192,0.41941,0.22841
-0.46192,0.41941,0.22841
-0.46192,0.41941,0.22841
-0.46192,0.41941,0.22841
-0.46237,0.41723,0.22796
-0.46237,0.41723,0.22796
-0.46237,0.41723,0.22796
-0.46237,0.41723,0.22796
-0.46237,0.41723,0.22796
-0.46289,0.41495,0.22754
-0.46289,0.41495,0.22754
-0.46289,0.41495,0.22754
-0.46289,0.41495,0.22754
-0.46289,0.41495,0.22754
-0.46348,0.41257,0.22703
-0.46348,0.41257,0.22703
-0.46348,0.41257,0.22703
-0.46348,0.41257,0.22703
-0.46348,0.41257,0.22703
-0.46426,0.41011,0.22658
-0.46426,0.41011,0.22658
-0.46426,0.41011,0.22658
-0.46426,0.41011,0.22658
-0.46426,0.41011,0.22658
-0.46509,0.40765,0.22626
-0.46509,0.40765,0.22626
-0.46509,0.40765,0.22626
-0.46509,0.40765,0.22626
-0.46509,0.40765,0.22626
-0.46592,0.40527,0.22601
-0.46592,0.40527,0.22601
-0.46592,0.40527,0.22601
-0.46592,0.40527,0.22601
-0.46592,0.40527,0.22601
-0.46675,0.40289,0.22583
-0.46675,0.40289,0.22583
-0.46675,0.40289,0.22583
-0.46675,0.40289,0.22583
-0.46675,0.40289,0.22583
-0.46759,0.40059,0.22583
-0.46759,0.40059,0.22583
-0.46759,0.40059,0.22583
-0.46759,0.40059,0.22583
-0.46759,0.40059,0.22583
-0.46837,0.39838,0.22585
-0.46837,0.39838,0.22585
-0.46837,0.39838,0.22585
-0.46837,0.39838,0.22585
-0.46837,0.39838,0.22585
-0.46907,0.39623,0.22583
-0.46907,0.39623,0.22583
-0.46907,0.39623,0.22583
-0.46907,0.39623,0.22583
-0.46907,0.39623,0.22583
-0.46961,0.39412,0.22585
-0.46961,0.39412,0.22585
-0.46961,0.39412,0.22585
-0.46961,0.39412,0.22585
-0.46961,0.39412,0.22585
-0.47001,0.39204,0.22585
-0.47001,0.39204,0.22585
-0.47001,0.39204,0.22585
-0.47001,0.39204,0.22585
-0.47001,0.39204,0.22585
-0.47024,0.39006,0.22587
-0.47024,0.39006,0.22587
-0.47024,0.39006,0.22587
-0.47024,0.39006,0.22587
-0.47024,0.39006,0.22587
-0.47042,0.38810,0.22589
-0.47042,0.38810,0.22589
-0.47042,0.38810,0.22589
-0.47042,0.38810,0.22589
-0.47042,0.38810,0.22589
-0.47063,0.38609,0.22596
-0.47063,0.38609,0.22596
-0.47063,0.38609,0.22596
-0.47063,0.38609,0.22596
-0.47063,0.38609,0.22596
-0.47084,0.38398,0.22597
-0.47084,0.38398,0.22597
-0.47084,0.38398,0.22597
-0.47084,0.38398,0.22597
-0.47084,0.38398,0.22597
-0.47106,0.38182,0.22599
-0.47106,0.38182,0.22599
-0.47106,0.38182,0.22599
-0.47106,0.38182,0.22599
-0.47106,0.38182,0.22599
-0.47130,0.37967,0.22605
-0.47130,0.37967,0.22605
-0.47130,0.37967,0.22605
-0.47130,0.37967,0.22605
-0.47130,0.37967,0.22605
-0.47153,0.37753,0.22620
-0.47153,0.37753,0.22620
-0.47153,0.37753,0.22620
-0.47153,0.37753,0.22620
-0.47153,0.37753,0.22620
-0.47180,0.37541,0.22642
-0.47180,0.37541,0.22642
-0.47180,0.37541,0.22642
-0.47180,0.37541,0.22642
-0.47180,0.37541,0.22642
-0.47207,0.37323,0.22658
-0.47207,0.37323,0.22658
-0.47207,0.37323,0.22658
-0.47207,0.37323,0.22658
-0.47207,0.37323,0.22658
-0.47239,0.37097,0.22670
-0.47239,0.37097,0.22670
-0.47239,0.37097,0.22670
-0.47239,0.37097,0.22670
-0.47239,0.37097,0.22670
-0.47272,0.36873,0.22686
-0.47272,0.36873,0.22686
-0.47272,0.36873,0.22686
-0.47272,0.36873,0.22686
-0.47272,0.36873,0.22686
-0.47303,0.36654,0.22704
-0.47303,0.36654,0.22704
-0.47303,0.36654,0.22704
-0.47303,0.36654,0.22704
-0.47303,0.36654,0.22704
-0.47337,0.36436,0.22729
-0.47337,0.36436,0.22729
-0.47337,0.36436,0.22729
-0.47337,0.36436,0.22729
-0.47337,0.36436,0.22729
-0.47370,0.36215,0.22750
-0.47370,0.36215,0.22750
-0.47370,0.36215,0.22750
-0.47370,0.36215,0.22750
-0.47370,0.36215,0.22750
-0.47407,0.35987,0.22771
-0.47407,0.35987,0.22771
-0.47407,0.35987,0.22771
-0.47407,0.35987,0.22771
-0.47407,0.35987,0.22771
-0.47448,0.35760,0.22801
-0.47448,0.35760,0.22801
-0.47448,0.35760,0.22801
-0.47448,0.35760,0.22801
-0.47448,0.35760,0.22801
-0.47486,0.35532,0.22827
-0.47486,0.35532,0.22827
-0.47486,0.35532,0.22827
-0.47486,0.35532,0.22827
-0.47486,0.35532,0.22827
-0.47520,0.35316,0.22854
-0.47520,0.35316,0.22854
-0.47520,0.35316,0.22854
-0.47520,0.35316,0.22854
-0.47520,0.35316,0.22854
-0.47541,0.35101,0.22873
-0.47541,0.35101,0.22873
-0.47541,0.35101,0.22873
-0.47541,0.35101,0.22873
-0.47541,0.35101,0.22873
-0.47562,0.34880,0.22888
-0.47562,0.34880,0.22888
-0.47562,0.34880,0.22888
-0.47562,0.34880,0.22888
-0.47562,0.34880,0.22888
-0.47592,0.34652,0.22909
-0.47592,0.34652,0.22909
-0.47592,0.34652,0.22909
-0.47592,0.34652,0.22909
-0.47592,0.34652,0.22909
-0.47620,0.34417,0.22927
-0.47620,0.34417,0.22927
-0.47620,0.34417,0.22927
-0.47620,0.34417,0.22927
-0.47620,0.34417,0.22927
-0.47652,0.34180,0.22950
-0.47652,0.34180,0.22950
-0.47652,0.34180,0.22950
-0.47652,0.34180,0.22950
-0.47652,0.34180,0.22950
-0.47679,0.33943,0.22970
-0.47679,0.33943,0.22970
-0.47679,0.33943,0.22970
-0.47679,0.33943,0.22970
-0.47679,0.33943,0.22970
-0.47701,0.33709,0.22993
-0.47701,0.33709,0.22993
-0.47701,0.33709,0.22993
-0.47701,0.33709,0.22993
-0.47701,0.33709,0.22993
-0.47728,0.33478,0.23021
-0.47728,0.33478,0.23021
-0.47728,0.33478,0.23021
-0.47728,0.33478,0.23021
-0.47728,0.33478,0.23021
-0.47756,0.33241,0.23042
-0.47756,0.33241,0.23042
-0.47756,0.33241,0.23042
-0.47756,0.33241,0.23042
-0.47756,0.33241,0.23042
-0.47786,0.32998,0.23062
-0.47786,0.32998,0.23062
-0.47786,0.32998,0.23062
-0.47786,0.32998,0.23062
-0.47786,0.32998,0.23062
-0.47819,0.32750,0.23081
-0.47819,0.32750,0.23081
-0.47819,0.32750,0.23081
-0.47819,0.32750,0.23081
-0.47819,0.32750,0.23081
-0.47847,0.32507,0.23101
-0.47847,0.32507,0.23101
-0.47847,0.32507,0.23101
-0.47847,0.32507,0.23101
-0.47847,0.32507,0.23101
-0.47875,0.32268,0.23130
-0.47875,0.32268,0.23130
-0.47875,0.32268,0.23130
-0.47875,0.32268,0.23130
-0.47875,0.32268,0.23130
-0.47907,0.32028,0.23165
-0.47907,0.32028,0.23165
-0.47907,0.32028,0.23165
-0.47907,0.32028,0.23165
-0.47907,0.32028,0.23165
-0.47937,0.31782,0.23198
-0.47937,0.31782,0.23198
-0.47937,0.31782,0.23198
-0.47937,0.31782,0.23198
-0.47937,0.31782,0.23198
-0.47971,0.31532,0.23228
-0.47971,0.31532,0.23228
-0.47971,0.31532,0.23228
-0.47971,0.31532,0.23228
-0.47971,0.31532,0.23228
-0.48005,0.31284,0.23253
-0.48005,0.31284,0.23253
-0.48005,0.31284,0.23253
-0.48005,0.31284,0.23253
-0.48005,0.31284,0.23253
-0.48033,0.31042,0.23281
-0.48033,0.31042,0.23281
-0.48033,0.31042,0.23281
-0.48033,0.31042,0.23281
-0.48033,0.31042,0.23281
-0.48063,0.30803,0.23313
-0.48063,0.30803,0.23313
-0.48063,0.30803,0.23313
-0.48063,0.30803,0.23313
-0.48063,0.30803,0.23313
-0.48089,0.30557,0.23341
-0.48089,0.30557,0.23341
-0.48089,0.30557,0.23341
-0.48089,0.30557,0.23341
-0.48089,0.30557,0.23341
-0.48118,0.30304,0.23370
-0.48118,0.30304,0.23370
-0.48118,0.30304,0.23370
-0.48118,0.30304,0.23370
-0.48118,0.30304,0.23370
-0.48150,0.30055,0.23407
-0.48150,0.30055,0.23407
-0.48150,0.30055,0.23407
-0.48150,0.30055,0.23407
-0.48150,0.30055,0.23407
-0.48175,0.29807,0.23444
-0.48175,0.29807,0.23444
-0.48175,0.29807,0.23444
-0.48175,0.29807,0.23444
-0.48175,0.29807,0.23444
-0.48203,0.29559,0.23483
-0.48203,0.29559,0.23483
-0.48203,0.29559,0.23483
-0.48203,0.29559,0.23483
-0.48203,0.29559,0.23483
-0.48226,0.29307,0.23512
-0.48226,0.29307,0.23512
-0.48226,0.29307,0.23512
-0.48226,0.29307,0.23512
-0.48226,0.29307,0.23512
-0.48248,0.29050,0.23541
-0.48248,0.29050,0.23541
-0.48248,0.29050,0.23541
-0.48248,0.29050,0.23541
-0.48248,0.29050,0.23541
-0.48272,0.28799,0.23577
-0.48272,0.28799,0.23577
-0.48272,0.28799,0.23577
-0.48272,0.28799,0.23577
-0.48272,0.28799,0.23577
-0.48292,0.28553,0.23610
-0.48292,0.28553,0.23610
-0.48292,0.28553,0.23610
-0.48292,0.28553,0.23610
-0.48292,0.28553,0.23610
-0.48320,0.28310,0.23651
-0.48320,0.28310,0.23651
-0.48320,0.28310,0.23651
-0.48320,0.28310,0.23651
-0.48320,0.28310,0.23651
-0.48350,0.28062,0.23696
-0.48350,0.28062,0.23696
-0.48350,0.28062,0.23696
-0.48350,0.28062,0.23696
-0.48350,0.28062,0.23696
-0.48380,0.27808,0.23739
-0.48380,0.27808,0.23739
-0.48380,0.27808,0.23739
-0.48380,0.27808,0.23739
-0.48380,0.27808,0.23739
-0.48411,0.27562,0.23782
-0.48411,0.27562,0.23782
-0.48411,0.27562,0.23782
-0.48411,0.27562,0.23782
-0.48411,0.27562,0.23782
-0.48438,0.27323,0.23825
-0.48438,0.27323,0.23825
-0.48438,0.27323,0.23825
-0.48438,0.27323,0.23825
-0.48438,0.27323,0.23825
-0.48467,0.27080,0.23867
-0.48467,0.27080,0.23867
-0.48467,0.27080,0.23867
-0.48467,0.27080,0.23867
-0.48467,0.27080,0.23867
-0.48498,0.26832,0.23911
-0.48498,0.26832,0.23911
-0.48498,0.26832,0.23911
-0.48498,0.26832,0.23911
-0.48498,0.26832,0.23911
-0.48525,0.26578,0.23952
-0.48525,0.26578,0.23952
-0.48525,0.26578,0.23952
-0.48525,0.26578,0.23952
-0.48525,0.26578,0.23952
-0.48545,0.26329,0.23993
-0.48545,0.26329,0.23993
-0.48545,0.26329,0.23993
-0.48545,0.26329,0.23993
-0.48545,0.26329,0.23993
-0.48567,0.26089,0.24045
-0.48567,0.26089,0.24045
-0.48567,0.26089,0.24045
-0.48567,0.26089,0.24045
-0.48567,0.26089,0.24045
-0.48583,0.25843,0.24094
-0.48583,0.25843,0.24094
-0.48583,0.25843,0.24094
-0.48583,0.25843,0.24094
-0.48583,0.25843,0.24094
-0.48602,0.25590,0.24142
-0.48602,0.25590,0.24142
-0.48602,0.25590,0.24142
-0.48602,0.25590,0.24142
-0.48602,0.25590,0.24142
-0.48621,0.25333,0.24187
-0.48621,0.25333,0.24187
-0.48621,0.25333,0.24187
-0.48621,0.25333,0.24187
-0.48621,0.25333,0.24187
-0.48633,0.25082,0.24231
-0.48633,0.25082,0.24231
-0.48633,0.25082,0.24231
-0.48633,0.25082,0.24231
-0.48633,0.25082,0.24231
-0.48646,0.24836,0.24278
-0.48646,0.24836,0.24278
-0.48646,0.24836,0.24278
-0.48646,0.24836,0.24278
-0.48646,0.24836,0.24278
-0.48664,0.24591,0.24333
-0.48664,0.24591,0.24333
-0.48664,0.24591,0.24333
-0.48664,0.24591,0.24333
-0.48664,0.24591,0.24333
-0.48686,0.24342,0.24392
-0.48686,0.24342,0.24392
-0.48686,0.24342,0.24392
-0.48686,0.24342,0.24392
-0.48686,0.24342,0.24392
-0.48713,0.24097,0.24460
-0.48713,0.24097,0.24460
-0.48713,0.24097,0.24460
-0.48713,0.24097,0.24460
-0.48713,0.24097,0.24460
-0.48740,0.23859,0.24528
-0.48740,0.23859,0.24528
-0.48740,0.23859,0.24528
-0.48740,0.23859,0.24528
-0.48740,0.23859,0.24528
-0.48763,0.23623,0.24587
-0.48763,0.23623,0.24587
-0.48763,0.23623,0.24587
-0.48763,0.23623,0.24587
-0.48763,0.23623,0.24587
-0.48789,0.23385,0.24649
-0.48789,0.23385,0.24649
-0.48789,0.23385,0.24649
-0.48789,0.23385,0.24649
-0.48789,0.23385,0.24649
-0.48823,0.23142,0.24718
-0.48823,0.23142,0.24718
-0.48823,0.23142,0.24718
-0.48823,0.23142,0.24718
-0.48823,0.23142,0.24718
-0.48850,0.22901,0.24784
-0.48850,0.22901,0.24784
-0.48850,0.22901,0.24784
-0.48850,0.22901,0.24784
-0.48850,0.22901,0.24784
-0.48874,0.22667,0.24855
-0.48874,0.22667,0.24855
-0.48874,0.22667,0.24855
-0.48874,0.22667,0.24855
-0.48874,0.22667,0.24855
-0.48897,0.22432,0.24931
-0.48897,0.22432,0.24931
-0.48897,0.22432,0.24931
-0.48897,0.22432,0.24931
-0.48897,0.22432,0.24931
-0.48918,0.22193,0.25009
-0.48918,0.22193,0.25009
-0.48918,0.22193,0.25009
-0.48918,0.22193,0.25009
-0.48918,0.22193,0.25009
-0.48936,0.21949,0.25079
-0.48936,0.21949,0.25079
-0.48936,0.21949,0.25079
-0.48936,0.21949,0.25079
-0.48936,0.21949,0.25079
-0.48952,0.21710,0.25147
-0.48952,0.21710,0.25147
-0.48952,0.21710,0.25147
-0.48952,0.21710,0.25147
-0.48952,0.21710,0.25147
-0.48967,0.21477,0.25218
-0.48967,0.21477,0.25218
-0.48967,0.21477,0.25218
-0.48967,0.21477,0.25218
-0.48967,0.21477,0.25218
-0.48981,0.21242,0.25292
-0.48981,0.21242,0.25292
-0.48981,0.21242,0.25292
-0.48981,0.21242,0.25292
-0.48981,0.21242,0.25292
-0.49000,0.21003,0.25372
-0.49000,0.21003,0.25372
-0.49000,0.21003,0.25372
-0.49000,0.21003,0.25372
-0.49000,0.21003,0.25372
-0.49021,0.20763,0.25459
-0.49021,0.20763,0.25459
-0.49021,0.20763,0.25459
-0.49021,0.20763,0.25459
-0.49021,0.20763,0.25459
-0.49040,0.20532,0.25550
-0.49040,0.20532,0.25550
-0.49040,0.20532,0.25550
-0.49040,0.20532,0.25550
-0.49040,0.20532,0.25550
-0.49055,0.20304,0.25637
-0.49055,0.20304,0.25637
-0.49055,0.20304,0.25637
-0.49055,0.20304,0.25637
-0.49055,0.20304,0.25637
-0.49072,0.20075,0.25724
-0.49072,0.20075,0.25724
-0.49072,0.20075,0.25724
-0.49072,0.20075,0.25724
-0.49072,0.20075,0.25724
-0.49088,0.19841,0.25812
-0.49088,0.19841,0.25812
-0.49088,0.19841,0.25812
-0.49088,0.19841,0.25812
-0.49088,0.19841,0.25812
-0.49108,0.19609,0.25907
-0.49108,0.19609,0.25907
-0.49108,0.19609,0.25907
-0.49108,0.19609,0.25907
-0.49108,0.19609,0.25907
-0.49127,0.19386,0.26008
-0.49127,0.19386,0.26008
-0.49127,0.19386,0.26008
-0.49127,0.19386,0.26008
-0.49127,0.19386,0.26008
-0.49144,0.19164,0.26115
-0.49144,0.19164,0.26115
-0.49144,0.19164,0.26115
-0.49144,0.19164,0.26115
-0.49144,0.19164,0.26115
-0.49163,0.18942,0.26229
-0.49163,0.18942,0.26229
-0.49163,0.18942,0.26229
-0.49163,0.18942,0.26229
-0.49163,0.18942,0.26229
-0.49182,0.18741,0.26358
-0.49182,0.18741,0.26358
-0.49182,0.18741,0.26358
-0.49182,0.18741,0.26358
-0.49182,0.18741,0.26358
-0.49192,0.18577,0.26495
-0.49192,0.18577,0.26495
-0.49192,0.18577,0.26495
-0.49192,0.18577,0.26495
-0.49192,0.18577,0.26495
-0.49217,0.18433,0.26647
-0.49217,0.18433,0.26647
-0.49217,0.18433,0.26647
-0.49217,0.18433,0.26647
-0.49217,0.18433,0.26647
-0.49245,0.18312,0.26832
-0.49245,0.18312,0.26832
-0.49245,0.18312,0.26832
-0.49245,0.18312,0.26832
-0.49245,0.18312,0.26832
-0.49284,0.18205,0.27049
-0.49284,0.18205,0.27049
-0.49284,0.18205,0.27049
-0.49284,0.18205,0.27049
-0.49284,0.18205,0.27049
-0.49318,0.18117,0.27265
-0.49318,0.18117,0.27265
-0.49318,0.18117,0.27265
-0.49318,0.18117,0.27265
-0.49318,0.18117,0.27265
-0.49350,0.18035,0.27484
-0.49350,0.18035,0.27484
-0.49350,0.18035,0.27484
-0.49350,0.18035,0.27484
-0.49350,0.18035,0.27484
-0.49376,0.17958,0.27722
-0.49376,0.17958,0.27722
-0.49376,0.17958,0.27722
-0.49376,0.17958,0.27722
-0.49376,0.17958,0.27722
-0.49393,0.17891,0.27978
-0.49393,0.17891,0.27978
-0.49393,0.17891,0.27978
-0.49393,0.17891,0.27978
-0.49393,0.17891,0.27978
-0.49393,0.17821,0.28222
-0.49393,0.17821,0.28222
-0.49393,0.17821,0.28222
-0.49393,0.17821,0.28222
-0.49393,0.17821,0.28222
-0.49382,0.17741,0.28450
-0.49382,0.17741,0.28450
-0.49382,0.17741,0.28450
-0.49382,0.17741,0.28450
-0.49382,0.17741,0.28450
-0.49360,0.17658,0.28686
-0.49360,0.17658,0.28686
-0.49360,0.17658,0.28686
-0.49360,0.17658,0.28686
-0.49360,0.17658,0.28686
-0.49335,0.17564,0.28935
-0.49335,0.17564,0.28935
-0.49335,0.17564,0.28935
-0.49335,0.17564,0.28935
-0.49335,0.17564,0.28935
-0.49307,0.17457,0.29172
-0.49307,0.17457,0.29172
-0.49307,0.17457,0.29172
-0.49307,0.17457,0.29172
-0.49307,0.17457,0.29172
-0.49276,0.17344,0.29394
-0.49276,0.17344,0.29394
-0.49276,0.17344,0.29394
-0.49276,0.17344,0.29394
-0.49276,0.17344,0.29394
-0.49247,0.17225,0.29629
-0.49247,0.17225,0.29629
-0.49247,0.17225,0.29629
-0.49247,0.17225,0.29629
-0.49247,0.17225,0.29629
-0.49228,0.17105,0.29885
-0.49228,0.17105,0.29885
-0.49228,0.17105,0.29885
-0.49228,0.17105,0.29885
-0.49228,0.17105,0.29885
-0.49214,0.16984,0.30126
-0.49214,0.16984,0.30126
-0.49214,0.16984,0.30126
-0.49214,0.16984,0.30126
-0.49214,0.16984,0.30126
-0.49205,0.16868,0.30353
-0.49205,0.16868,0.30353
-0.49205,0.16868,0.30353
-0.49205,0.16868,0.30353
-0.49205,0.16868,0.30353
-0.49200,0.16756,0.30603
-0.49200,0.16756,0.30603
-0.49200,0.16756,0.30603
-0.49200,0.16756,0.30603
-0.49200,0.16756,0.30603
-0.49200,0.16648,0.30867
-0.49200,0.16648,0.30867
-0.49200,0.16648,0.30867
-0.49200,0.16648,0.30867
-0.49200,0.16648,0.30867
-0.49197,0.16539,0.31106
-0.49197,0.16539,0.31106
-0.49197,0.16539,0.31106
-0.49197,0.16539,0.31106
-0.49197,0.16539,0.31106
-0.49188,0.16429,0.31337
-0.49188,0.16429,0.31337
-0.49188,0.16429,0.31337
-0.49188,0.16429,0.31337
-0.49188,0.16429,0.31337
-0.49176,0.16313,0.31589
-0.49176,0.16313,0.31589
-0.49176,0.16313,0.31589
-0.49176,0.16313,0.31589
-0.49176,0.16313,0.31589
-0.49159,0.16191,0.31840
-0.49159,0.16191,0.31840
-0.49159,0.16191,0.31840
-0.49159,0.16191,0.31840
-0.49159,0.16191,0.31840
-0.49137,0.16066,0.32063
-0.49137,0.16066,0.32063
-0.49137,0.16066,0.32063
-0.49137,0.16066,0.32063
-0.49137,0.16066,0.32063
-0.49105,0.15943,0.32281
-0.49105,0.15943,0.32281
-0.49105,0.15943,0.32281
-0.49105,0.15943,0.32281
-0.49105,0.15943,0.32281
-0.49072,0.15815,0.32522
-0.49072,0.15815,0.32522
-0.49072,0.15815,0.32522
-0.49072,0.15815,0.32522
-0.49072,0.15815,0.32522
-0.49037,0.15686,0.32755
-0.49037,0.15686,0.32755
-0.49037,0.15686,0.32755
-0.49037,0.15686,0.32755
-0.49037,0.15686,0.32755
-0.49004,0.15554,0.32968
-0.49004,0.15554,0.32968
-0.49004,0.15554,0.32968
-0.49004,0.15554,0.32968
-0.49004,0.15554,0.32968
-0.48970,0.15423,0.33185
-0.48970,0.15423,0.33185
-0.48970,0.15423,0.33185
-0.48970,0.15423,0.33185
-0.48970,0.15423,0.33185
-0.48946,0.15288,0.33425
-0.48946,0.15288,0.33425
-0.48946,0.15288,0.33425
-0.48946,0.15288,0.33425
-0.48946,0.15288,0.33425
-0.48927,0.15147,0.33659
-0.48927,0.15147,0.33659
-0.48927,0.15147,0.33659
-0.48927,0.15147,0.33659
-0.48927,0.15147,0.33659
-0.48912,0.15008,0.33873
-0.48912,0.15008,0.33873
-0.48912,0.15008,0.33873
-0.48912,0.15008,0.33873
-0.48912,0.15008,0.33873
-0.48899,0.14872,0.34097
-0.48899,0.14872,0.34097
-0.48899,0.14872,0.34097
-0.48899,0.14872,0.34097
-0.48899,0.14872,0.34097
-0.48888,0.14735,0.34342
-0.48888,0.14735,0.34342
-0.48888,0.14735,0.34342
-0.48888,0.14735,0.34342
-0.48888,0.14735,0.34342
-0.48875,0.14593,0.34573
-0.48875,0.14593,0.34573
-0.48875,0.14593,0.34573
-0.48875,0.14593,0.34573
-0.48875,0.14593,0.34573
-0.48863,0.14454,0.34787
-0.48863,0.14454,0.34787
-0.48863,0.14454,0.34787
-0.48863,0.14454,0.34787
-0.48863,0.14454,0.34787
-0.48848,0.14310,0.35004
-0.48848,0.14310,0.35004
-0.48848,0.14310,0.35004
-0.48848,0.14310,0.35004
-0.48848,0.14310,0.35004
-0.48833,0.14162,0.35234
-0.48833,0.14162,0.35234
-0.48833,0.14162,0.35234
-0.48833,0.14162,0.35234
-0.48833,0.14162,0.35234
-0.48816,0.14006,0.35456
-0.48816,0.14006,0.35456
-0.48816,0.14006,0.35456
-0.48816,0.14006,0.35456
-0.48816,0.14006,0.35456
-0.48797,0.13847,0.35661
-0.48797,0.13847,0.35661
-0.48797,0.13847,0.35661
-0.48797,0.13847,0.35661
-0.48797,0.13847,0.35661
-0.48773,0.13687,0.35862
-0.48773,0.13687,0.35862
-0.48773,0.13687,0.35862
-0.48773,0.13687,0.35862
-0.48773,0.13687,0.35862
-0.48749,0.13523,0.36074
-0.48749,0.13523,0.36074
-0.48749,0.13523,0.36074
-0.48749,0.13523,0.36074
-0.48749,0.13523,0.36074
-0.48729,0.13354,0.36290
-0.48729,0.13354,0.36290
-0.48729,0.13354,0.36290
-0.48729,0.13354,0.36290
-0.48729,0.13354,0.36290
-0.48709,0.13185,0.36489
-0.48709,0.13185,0.36489
-0.48709,0.13185,0.36489
-0.48709,0.13185,0.36489
-0.48709,0.13185,0.36489
-0.48691,0.13018,0.36681
-0.48691,0.13018,0.36681
-0.48691,0.13018,0.36681
-0.48691,0.13018,0.36681
-0.48691,0.13018,0.36681
-0.48677,0.12847,0.36882
-0.48677,0.12847,0.36882
-0.48677,0.12847,0.36882
-0.48677,0.12847,0.36882
-0.48677,0.12847,0.36882
-0.48668,0.12669,0.37090
-0.48668,0.12669,0.37090
-0.48668,0.12669,0.37090
-0.48668,0.12669,0.37090
-0.48668,0.12669,0.37090
-0.48661,0.12495,0.37296
-0.48661,0.12495,0.37296
-0.48661,0.12495,0.37296
-0.48661,0.12495,0.37296
-0.48661,0.12495,0.37296
-0.48654,0.12324,0.37489
-0.48654,0.12324,0.37489
-0.48654,0.12324,0.37489
-0.48654,0.12324,0.37489
-0.48654,0.12324,0.37489
-0.48648,0.12149,0.37678
-0.48648,0.12149,0.37678
-0.48648,0.12149,0.37678
-0.48648,0.12149,0.37678
-0.48648,0.12149,0.37678
-0.48643,0.11965,0.37871
-0.48643,0.11965,0.37871
-0.48643,0.11965,0.37871
-0.48643,0.11965,0.37871
-0.48643,0.11965,0.37871
-0.48636,0.11773,0.38066
-0.48636,0.11773,0.38066
-0.48636,0.11773,0.38066
-0.48636,0.11773,0.38066
-0.48636,0.11773,0.38066
-0.48627,0.11581,0.38254
-0.48627,0.11581,0.38254
-0.48627,0.11581,0.38254
-0.48627,0.11581,0.38254
-0.48627,0.11581,0.38254
-0.48616,0.11392,0.38430
-0.48616,0.11392,0.38430
-0.48616,0.11392,0.38430
-0.48616,0.11392,0.38430
-0.48616,0.11392,0.38430
-0.48602,0.11208,0.38603
-0.48602,0.11208,0.38603
-0.48602,0.11208,0.38603
-0.48602,0.11208,0.38603
-0.48602,0.11208,0.38603
-0.48588,0.11021,0.38777
-0.48588,0.11021,0.38777
-0.48588,0.11021,0.38777
-0.48588,0.11021,0.38777
-0.48588,0.11021,0.38777
-0.48577,0.10826,0.38951
-0.48577,0.10826,0.38951
-0.48577,0.10826,0.38951
-0.48577,0.10826,0.38951
-0.48577,0.10826,0.38951
-0.48566,0.10623,0.39126
-0.48566,0.10623,0.39126
-0.48566,0.10623,0.39126
-0.48566,0.10623,0.39126
-0.48566,0.10623,0.39126
-0.48557,0.10417,0.39292
-0.48557,0.10417,0.39292
-0.48557,0.10417,0.39292
-0.48557,0.10417,0.39292
-0.48557,0.10417,0.39292
-0.48548,0.10213,0.39450
-0.48548,0.10213,0.39450
-0.48548,0.10213,0.39450
-0.48548,0.10213,0.39450
-0.48548,0.10213,0.39450
-0.48539,0.10011,0.39605
-0.48539,0.10011,0.39605
-0.48539,0.10011,0.39605
-0.48539,0.10011,0.39605
-0.48539,0.10011,0.39605
-0.48530,0.09806,0.39761
-0.48530,0.09806,0.39761
-0.48530,0.09806,0.39761
-0.48530,0.09806,0.39761
-0.48530,0.09806,0.39761
-0.48522,0.09597,0.39917
-0.48522,0.09597,0.39917
-0.48522,0.09597,0.39917
-0.48522,0.09597,0.39917
-0.48522,0.09597,0.39917
-0.48513,0.09384,0.40073
-0.48513,0.09384,0.40073
-0.48513,0.09384,0.40073
-0.48513,0.09384,0.40073
-0.48513,0.09384,0.40073
-0.48505,0.09170,0.40220
-0.48505,0.09170,0.40220
-0.48505,0.09170,0.40220
-0.48505,0.09170,0.40220
-0.48505,0.09170,0.40220
-0.48497,0.08961,0.40360
-0.48497,0.08961,0.40360
-0.48497,0.08961,0.40360
-0.48497,0.08961,0.40360
-0.48497,0.08961,0.40360
-0.48488,0.08750,0.40497
-0.48488,0.08750,0.40497
-0.48488,0.08750,0.40497
-0.48488,0.08750,0.40497
-0.48488,0.08750,0.40497
-0.48480,0.08532,0.40633
-0.48480,0.08532,0.40633
-0.48480,0.08532,0.40633
-0.48480,0.08532,0.40633
-0.48480,0.08532,0.40633
-0.48474,0.08307,0.40766
-0.48474,0.08307,0.40766
-0.48474,0.08307,0.40766
-0.48474,0.08307,0.40766
-0.48474,0.08307,0.40766
-0.48468,0.08076,0.40898
-0.48468,0.08076,0.40898
-0.48468,0.08076,0.40898
-0.48468,0.08076,0.40898
-0.48468,0.08076,0.40898
-0.48459,0.07854,0.41030
-0.48459,0.07854,0.41030
-0.48459,0.07854,0.41030
-0.48459,0.07854,0.41030
-0.48459,0.07854,0.41030
-0.48450,0.07637,0.41155
-0.48450,0.07637,0.41155
-0.48450,0.07637,0.41155
-0.48450,0.07637,0.41155
-0.48450,0.07637,0.41155
-0.48442,0.07412,0.41272
-0.48442,0.07412,0.41272
-0.48442,0.07412,0.41272
-0.48442,0.07412,0.41272
-0.48442,0.07412,0.41272
-0.48435,0.07181,0.41388
-0.48435,0.07181,0.41388
-0.48435,0.07181,0.41388
-0.48435,0.07181,0.41388
-0.48435,0.07181,0.41388
-0.48428,0.06942,0.41497
-0.48428,0.06942,0.41497
-0.48428,0.06942,0.41497
-0.48428,0.06942,0.41497
-0.48428,0.06942,0.41497
-0.48421,0.06714,0.41602
-0.48421,0.06714,0.41602
-0.48421,0.06714,0.41602
-0.48421,0.06714,0.41602
-0.48421,0.06714,0.41602
-0.48412,0.06489,0.41706
-0.48412,0.06489,0.41706
-0.48412,0.06489,0.41706
-0.48412,0.06489,0.41706
-0.48412,0.06489,0.41706
-0.48405,0.06253,0.41809
-0.48405,0.06253,0.41809
-0.48405,0.06253,0.41809
-0.48405,0.06253,0.41809
-0.48405,0.06253,0.41809
-0.48398,0.06005,0.41913
-0.48398,0.06005,0.41913
-0.48398,0.06005,0.41913
-0.48398,0.06005,0.41913
-0.48398,0.06005,0.41913
-0.48392,0.05759,0.42010
-0.48392,0.05759,0.42010
-0.48392,0.05759,0.42010
-0.48392,0.05759,0.42010
-0.48392,0.05759,0.42010
-0.48383,0.05526,0.42100
-0.48383,0.05526,0.42100
-0.48383,0.05526,0.42100
-0.48383,0.05526,0.42100
-0.48383,0.05526,0.42100
-0.48376,0.05293,0.42184
-0.48376,0.05293,0.42184
-0.48376,0.05293,0.42184
-0.48376,0.05293,0.42184
-0.48376,0.05293,0.42184
-0.48367,0.05050,0.42267
-0.48367,0.05050,0.42267
-0.48367,0.05050,0.42267
-0.48367,0.05050,0.42267
-0.48367,0.05050,0.42267
-0.48363,0.04794,0.42344
-0.48363,0.04794,0.42344
-0.48363,0.04794,0.42344
-0.48363,0.04794,0.42344
-0.48363,0.04794,0.42344
-0.48357,0.04550,0.42416
-0.48357,0.04550,0.42416
-0.48357,0.04550,0.42416
-0.48357,0.04550,0.42416
-0.48357,0.04550,0.42416
-0.48351,0.04315,0.42486
-0.48351,0.04315,0.42486
-0.48351,0.04315,0.42486
-0.48351,0.04315,0.42486
-0.48351,0.04315,0.42486
-0.48349,0.04070,0.42552
-0.48349,0.04070,0.42552
-0.48349,0.04070,0.42552
-0.48349,0.04070,0.42552
-0.48349,0.04070,0.42552
-0.48347,0.03810,0.42617
-0.48347,0.03810,0.42617
-0.48347,0.03810,0.42617
-0.48347,0.03810,0.42617
-0.48347,0.03810,0.42617
-0.48343,0.03553,0.42677
-0.48343,0.03553,0.42677
-0.48343,0.03553,0.42677
-0.48343,0.03553,0.42677
-0.48343,0.03553,0.42677
-0.48341,0.03308,0.42730
-0.48341,0.03308,0.42730
-0.48341,0.03308,0.42730
-0.48341,0.03308,0.42730
-0.48341,0.03308,0.42730
-0.48340,0.03063,0.42782
-0.48340,0.03063,0.42782
-0.48340,0.03063,0.42782
-0.48340,0.03063,0.42782
-0.48340,0.03063,0.42782
-0.48338,0.02806,0.42833
-0.48338,0.02806,0.42833
-0.48338,0.02806,0.42833
-0.48338,0.02806,0.42833
-0.48338,0.02806,0.42833
-0.48334,0.02547,0.42878
-0.48334,0.02547,0.42878
-0.48334,0.02547,0.42878
-0.48334,0.02547,0.42878
-0.48334,0.02547,0.42878
-0.48329,0.02294,0.42915
-0.48329,0.02294,0.42915
-0.48329,0.02294,0.42915
-0.48329,0.02294,0.42915
-0.48329,0.02294,0.42915
-0.48326,0.02041,0.42948
-0.48326,0.02041,0.42948
-0.48326,0.02041,0.42948
-0.48326,0.02041,0.42948
-0.48326,0.02041,0.42948
-0.48323,0.01779,0.42978
-0.48323,0.01779,0.42978
-0.48323,0.01779,0.42978
-0.48323,0.01779,0.42978
-0.48323,0.01779,0.42978
-0.48318,0.01518,0.43004
-0.48318,0.01518,0.43004
-0.48318,0.01518,0.43004
-0.48318,0.01518,0.43004
-0.48318,0.01518,0.43004
-0.48312,0.01261,0.43023
-0.48312,0.01261,0.43023
-0.48312,0.01261,0.43023
-0.48312,0.01261,0.43023
-0.48312,0.01261,0.43023
-0.48308,0.01003,0.43040
-0.48308,0.01003,0.43040
-0.48308,0.01003,0.43040
-0.48308,0.01003,0.43040
-0.48308,0.01003,0.43040
-0.48307,0.00741,0.43054
-0.48307,0.00741,0.43054
-0.48307,0.00741,0.43054
-0.48307,0.00741,0.43054
-0.48307,0.00741,0.43054
-0.48307,0.00484,0.43064
-0.48307,0.00484,0.43064
-0.48307,0.00484,0.43064
-0.48307,0.00484,0.43064
-0.48307,0.00484,0.43064
-0.48308,0.00229,0.43067
-0.48308,0.00229,0.43067
-0.48308,0.00229,0.43067
-0.48308,0.00229,0.43067
-0.48308,0.00229,0.43067
-0.48309,-0.00030,0.43068
-0.48309,-0.00030,0.43068
-0.48309,-0.00030,0.43068
-0.48309,-0.00030,0.43068
-0.48309,-0.00030,0.43068
-0.48308,-0.00292,0.43068
-0.48308,-0.00292,0.43068
-0.48308,-0.00292,0.43068
-0.48308,-0.00292,0.43068
-0.48308,-0.00292,0.43068
-0.48307,-0.00548,0.43065
-0.48307,-0.00548,0.43065
-0.48307,-0.00548,0.43065
-0.48307,-0.00548,0.43065
-0.48307,-0.00548,0.43065
-0.48304,-0.00805,0.43060
-0.48304,-0.00805,0.43060
-0.48304,-0.00805,0.43060
-0.48304,-0.00805,0.43060
-0.48304,-0.00805,0.43060
-0.48301,-0.01069,0.43054
-0.48301,-0.01069,0.43054
-0.48301,-0.01069,0.43054
-0.48301,-0.01069,0.43054
-0.48301,-0.01069,0.43054
-0.48295,-0.01332,0.43049
-0.48295,-0.01332,0.43049
-0.48295,-0.01332,0.43049
-0.48295,-0.01332,0.43049
-0.48295,-0.01332,0.43049
-0.48289,-0.01590,0.43043
-0.48289,-0.01590,0.43043
-0.48289,-0.01590,0.43043
-0.48289,-0.01590,0.43043
-0.48289,-0.01590,0.43043
-0.48282,-0.01849,0.43034
-0.48282,-0.01849,0.43034
-0.48282,-0.01849,0.43034
-0.48282,-0.01849,0.43034
-0.48282,-0.01849,0.43034
-0.48273,-0.02113,0.43026
-0.48273,-0.02113,0.43026
-0.48273,-0.02113,0.43026
-0.48273,-0.02113,0.43026
-0.48273,-0.02113,0.43026
-0.48263,-0.02376,0.43018
-0.48263,-0.02376,0.43018
-0.48263,-0.02376,0.43018
-0.48263,-0.02376,0.43018
-0.48263,-0.02376,0.43018
-0.48252,-0.02635,0.43006
-0.48252,-0.02635,0.43006
-0.48252,-0.02635,0.43006
-0.48252,-0.02635,0.43006
-0.48252,-0.02635,0.43006
-0.48241,-0.02897,0.42991
-0.48241,-0.02897,0.42991
-0.48241,-0.02897,0.42991
-0.48241,-0.02897,0.42991
-0.48241,-0.02897,0.42991
-0.48228,-0.03162,0.42975
-0.48228,-0.03162,0.42975
-0.48228,-0.03162,0.42975
-0.48228,-0.03162,0.42975
-0.48228,-0.03162,0.42975
-0.48214,-0.03423,0.42957
-0.48214,-0.03423,0.42957
-0.48214,-0.03423,0.42957
-0.48214,-0.03423,0.42957
-0.48214,-0.03423,0.42957
-0.48201,-0.03681,0.42934
-0.48201,-0.03681,0.42934
-0.48201,-0.03681,0.42934
-0.48201,-0.03681,0.42934
-0.48201,-0.03681,0.42934
-0.48186,-0.03942,0.42909
-0.48186,-0.03942,0.42909
-0.48186,-0.03942,0.42909
-0.48186,-0.03942,0.42909
-0.48186,-0.03942,0.42909
-0.48171,-0.04203,0.42881
-0.48171,-0.04203,0.42881
-0.48171,-0.04203,0.42881
-0.48171,-0.04203,0.42881
-0.48171,-0.04203,0.42881
-0.48156,-0.04461,0.42850
-0.48156,-0.04461,0.42850
-0.48156,-0.04461,0.42850
-0.48156,-0.04461,0.42850
-0.48156,-0.04461,0.42850
-0.48141,-0.04716,0.42813
-0.48141,-0.04716,0.42813
-0.48141,-0.04716,0.42813
-0.48141,-0.04716,0.42813
-0.48141,-0.04716,0.42813
-0.48125,-0.04975,0.42773
-0.48125,-0.04975,0.42773
-0.48125,-0.04975,0.42773
-0.48125,-0.04975,0.42773
-0.48125,-0.04975,0.42773
-0.48109,-0.05230,0.42731
-0.48109,-0.05230,0.42731
-0.48109,-0.05230,0.42731
-0.48109,-0.05230,0.42731
-0.48109,-0.05230,0.42731
-0.48092,-0.05485,0.42686
-0.48092,-0.05485,0.42686
-0.48092,-0.05485,0.42686
-0.48092,-0.05485,0.42686
-0.48092,-0.05485,0.42686
-0.48076,-0.05739,0.42637
-0.48076,-0.05739,0.42637
-0.48076,-0.05739,0.42637
-0.48076,-0.05739,0.42637
-0.48076,-0.05739,0.42637
-0.48058,-0.05994,0.42586
-0.48058,-0.05994,0.42586
-0.48058,-0.05994,0.42586
-0.48058,-0.05994,0.42586
-0.48058,-0.05994,0.42586
-0.48040,-0.06246,0.42530
-0.48040,-0.06246,0.42530
-0.48040,-0.06246,0.42530
-0.48040,-0.06246,0.42530
-0.48040,-0.06246,0.42530
-0.48020,-0.06495,0.42473
-0.48020,-0.06495,0.42473
-0.48020,-0.06495,0.42473
-0.48020,-0.06495,0.42473
-0.48020,-0.06495,0.42473
-0.48000,-0.06744,0.42413
-0.48000,-0.06744,0.42413
-0.48000,-0.06744,0.42413
-0.48000,-0.06744,0.42413
-0.48000,-0.06744,0.42413
-0.47980,-0.06994,0.42348
-0.47980,-0.06994,0.42348
-0.47980,-0.06994,0.42348
-0.47980,-0.06994,0.42348
-0.47980,-0.06994,0.42348
-0.47959,-0.07238,0.42282
-0.47959,-0.07238,0.42282
-0.47959,-0.07238,0.42282
-0.47959,-0.07238,0.42282
-0.47959,-0.07238,0.42282
-0.47939,-0.07481,0.42212
-0.47939,-0.07481,0.42212
-0.47939,-0.07481,0.42212
-0.47939,-0.07481,0.42212
-0.47939,-0.07481,0.42212
-0.47918,-0.07729,0.42135
-0.47918,-0.07729,0.42135
-0.47918,-0.07729,0.42135
-0.47918,-0.07729,0.42135
-0.47918,-0.07729,0.42135
-0.47896,-0.07973,0.42057
-0.47896,-0.07973,0.42057
-0.47896,-0.07973,0.42057
-0.47896,-0.07973,0.42057
-0.47896,-0.07973,0.42057
-0.47876,-0.08211,0.41974
-0.47876,-0.08211,0.41974
-0.47876,-0.08211,0.41974
-0.47876,-0.08211,0.41974
-0.47876,-0.08211,0.41974
-0.47855,-0.08448,0.41888
-0.47855,-0.08448,0.41888
-0.47855,-0.08448,0.41888
-0.47855,-0.08448,0.41888
-0.47855,-0.08448,0.41888
-0.47833,-0.08688,0.41797
-0.47833,-0.08688,0.41797
-0.47833,-0.08688,0.41797
-0.47833,-0.08688,0.41797
-0.47833,-0.08688,0.41797
-0.47813,-0.08926,0.41704
-0.47813,-0.08926,0.41704
-0.47813,-0.08926,0.41704
-0.47813,-0.08926,0.41704
-0.47813,-0.08926,0.41704
-0.47793,-0.09157,0.41611
-0.47793,-0.09157,0.41611
-0.47793,-0.09157,0.41611
-0.47793,-0.09157,0.41611
-0.47793,-0.09157,0.41611
-0.47772,-0.09388,0.41514
-0.47772,-0.09388,0.41514
-0.47772,-0.09388,0.41514
-0.47772,-0.09388,0.41514
-0.47772,-0.09388,0.41514
-0.47750,-0.09623,0.41418
-0.47750,-0.09623,0.41418
-0.47750,-0.09623,0.41418
-0.47750,-0.09623,0.41418
-0.47750,-0.09623,0.41418
-0.47730,-0.09854,0.41319
-0.47730,-0.09854,0.41319
-0.47730,-0.09854,0.41319
-0.47730,-0.09854,0.41319
-0.47730,-0.09854,0.41319
-0.47714,-0.10079,0.41216
-0.47714,-0.10079,0.41216
-0.47714,-0.10079,0.41216
-0.47714,-0.10079,0.41216
-0.47714,-0.10079,0.41216
-0.47701,-0.10305,0.41107
-0.47701,-0.10305,0.41107
-0.47701,-0.10305,0.41107
-0.47701,-0.10305,0.41107
-0.47701,-0.10305,0.41107
-0.47687,-0.10536,0.40996
-0.47687,-0.10536,0.40996
-0.47687,-0.10536,0.40996
-0.47687,-0.10536,0.40996
-0.47687,-0.10536,0.40996
-0.47676,-0.10763,0.40882
-0.47676,-0.10763,0.40882
-0.47676,-0.10763,0.40882
-0.47676,-0.10763,0.40882
-0.47676,-0.10763,0.40882
-0.47667,-0.10982,0.40762
-0.47667,-0.10982,0.40762
-0.47667,-0.10982,0.40762
-0.47667,-0.10982,0.40762
-0.47667,-0.10982,0.40762
-0.47659,-0.11202,0.40643
-0.47659,-0.11202,0.40643
-0.47659,-0.11202,0.40643
-0.47659,-0.11202,0.40643
-0.47659,-0.11202,0.40643
-0.47646,-0.11425,0.40526
-0.47646,-0.11425,0.40526
-0.47646,-0.11425,0.40526
-0.47646,-0.11425,0.40526
-0.47646,-0.11425,0.40526
-0.47634,-0.11648,0.40408
-0.47634,-0.11648,0.40408
-0.47634,-0.11648,0.40408
-0.47634,-0.11648,0.40408
-0.47634,-0.11648,0.40408
-0.47622,-0.11863,0.40286
-0.47622,-0.11863,0.40286
-0.47622,-0.11863,0.40286
-0.47622,-0.11863,0.40286
-0.47622,-0.11863,0.40286
-0.47611,-0.12074,0.40158
-0.47611,-0.12074,0.40158
-0.47611,-0.12074,0.40158
-0.47611,-0.12074,0.40158
-0.47611,-0.12074,0.40158
-0.47596,-0.12288,0.40028
-0.47596,-0.12288,0.40028
-0.47596,-0.12288,0.40028
-0.47596,-0.12288,0.40028
-0.47596,-0.12288,0.40028
-0.47578,-0.12506,0.39895
-0.47578,-0.12506,0.39895
-0.47578,-0.12506,0.39895
-0.47578,-0.12506,0.39895
-0.47578,-0.12506,0.39895
-0.47562,-0.12716,0.39756
-0.47562,-0.12716,0.39756
-0.47562,-0.12716,0.39756
-0.47562,-0.12716,0.39756
-0.47562,-0.12716,0.39756
-0.47548,-0.12920,0.39621
-0.47548,-0.12920,0.39621
-0.47548,-0.12920,0.39621
-0.47548,-0.12920,0.39621
-0.47548,-0.12920,0.39621
-0.47531,-0.13126,0.39490
-0.47531,-0.13126,0.39490
-0.47531,-0.13126,0.39490
-0.47531,-0.13126,0.39490
-0.47531,-0.13126,0.39490
-0.47516,-0.13335,0.39357
-0.47516,-0.13335,0.39357
-0.47516,-0.13335,0.39357
-0.47516,-0.13335,0.39357
-0.47516,-0.13335,0.39357
-0.47500,-0.13547,0.39219
-0.47500,-0.13547,0.39219
-0.47500,-0.13547,0.39219
-0.47500,-0.13547,0.39219
-0.47500,-0.13547,0.39219
-0.47489,-0.13751,0.39078
-0.47489,-0.13751,0.39078
-0.47489,-0.13751,0.39078
-0.47489,-0.13751,0.39078
-0.47489,-0.13751,0.39078
-0.47480,-0.13951,0.38934
-0.47480,-0.13951,0.38934
-0.47480,-0.13951,0.38934
-0.47480,-0.13951,0.38934
-0.47480,-0.13951,0.38934
-0.47470,-0.14152,0.38786
-0.47470,-0.14152,0.38786
-0.47470,-0.14152,0.38786
-0.47470,-0.14152,0.38786
-0.47470,-0.14152,0.38786
-0.47456,-0.14361,0.38642
-0.47456,-0.14361,0.38642
-0.47456,-0.14361,0.38642
-0.47456,-0.14361,0.38642
-0.47456,-0.14361,0.38642
-0.47441,-0.14568,0.38503
-0.47441,-0.14568,0.38503
-0.47441,-0.14568,0.38503
-0.47441,-0.14568,0.38503
-0.47441,-0.14568,0.38503
-0.47429,-0.14766,0.38361
-0.47429,-0.14766,0.38361
-0.47429,-0.14766,0.38361
-0.47429,-0.14766,0.38361
-0.47429,-0.14766,0.38361
-0.47416,-0.14959,0.38211
-0.47416,-0.14959,0.38211
-0.47416,-0.14959,0.38211
-0.47416,-0.14959,0.38211
-0.47416,-0.14959,0.38211
-0.47401,-0.15155,0.38060
-0.47401,-0.15155,0.38060
-0.47401,-0.15155,0.38060
-0.47401,-0.15155,0.38060
-0.47401,-0.15155,0.38060
-0.47383,-0.15359,0.37904
-0.47383,-0.15359,0.37904
-0.47383,-0.15359,0.37904
-0.47383,-0.15359,0.37904
-0.47383,-0.15359,0.37904
-0.47365,-0.15562,0.37747
-0.47365,-0.15562,0.37747
-0.47365,-0.15562,0.37747
-0.47365,-0.15562,0.37747
-0.47365,-0.15562,0.37747
-0.47349,-0.15750,0.37597
-0.47349,-0.15750,0.37597
-0.47349,-0.15750,0.37597
-0.47349,-0.15750,0.37597
-0.47349,-0.15750,0.37597
-0.47333,-0.15935,0.37448
-0.47333,-0.15935,0.37448
-0.47333,-0.15935,0.37448
-0.47333,-0.15935,0.37448
-0.47333,-0.15935,0.37448
-0.47316,-0.16128,0.37294
-0.47316,-0.16128,0.37294
-0.47316,-0.16128,0.37294
-0.47316,-0.16128,0.37294
-0.47316,-0.16128,0.37294
-0.47296,-0.16331,0.37137
-0.47296,-0.16331,0.37137
-0.47296,-0.16331,0.37137
-0.47296,-0.16331,0.37137
-0.47296,-0.16331,0.37137
-0.47277,-0.16532,0.36977
-0.47277,-0.16532,0.36977
-0.47277,-0.16532,0.36977
-0.47277,-0.16532,0.36977
-0.47277,-0.16532,0.36977
-0.47266,-0.16717,0.36816
-0.47266,-0.16717,0.36816
-0.47266,-0.16717,0.36816
-0.47266,-0.16717,0.36816
-0.47266,-0.16717,0.36816
-0.47256,-0.16899,0.36662
-0.47256,-0.16899,0.36662
-0.47256,-0.16899,0.36662
-0.47256,-0.16899,0.36662
-0.47256,-0.16899,0.36662
-0.47242,-0.17088,0.36511
-0.47242,-0.17088,0.36511
-0.47242,-0.17088,0.36511
-0.47242,-0.17088,0.36511
-0.47242,-0.17088,0.36511
-0.47224,-0.17287,0.36355
-0.47224,-0.17287,0.36355
-0.47224,-0.17287,0.36355
-0.47224,-0.17287,0.36355
-0.47224,-0.17287,0.36355
-0.47206,-0.17486,0.36195
-0.47206,-0.17486,0.36195
-0.47206,-0.17486,0.36195
-0.47206,-0.17486,0.36195
-0.47206,-0.17486,0.36195
-0.47194,-0.17669,0.36032
-0.47194,-0.17669,0.36032
-0.47194,-0.17669,0.36032
-0.47194,-0.17669,0.36032
-0.47194,-0.17669,0.36032
-0.47184,-0.17849,0.35868
-0.47184,-0.17849,0.35868
-0.47184,-0.17849,0.35868
-0.47184,-0.17849,0.35868
-0.47184,-0.17849,0.35868
-0.47170,-0.18034,0.35712
-0.47170,-0.18034,0.35712
-0.47170,-0.18034,0.35712
-0.47170,-0.18034,0.35712
-0.47170,-0.18034,0.35712
-0.47152,-0.18227,0.35557
-0.47152,-0.18227,0.35557
-0.47152,-0.18227,0.35557
-0.47152,-0.18227,0.35557
-0.47152,-0.18227,0.35557
-0.47130,-0.18422,0.35394
-0.47130,-0.18422,0.35394
-0.47130,-0.18422,0.35394
-0.47130,-0.18422,0.35394
-0.47130,-0.18422,0.35394
-0.47112,-0.18606,0.35227
-0.47112,-0.18606,0.35227
-0.47112,-0.18606,0.35227
-0.47112,-0.18606,0.35227
-0.47112,-0.18606,0.35227
-0.47098,-0.18782,0.35057
-0.47098,-0.18782,0.35057
-0.47098,-0.18782,0.35057
-0.47098,-0.18782,0.35057
-0.47098,-0.18782,0.35057
-0.47083,-0.18962,0.34891
-0.47083,-0.18962,0.34891
-0.47083,-0.18962,0.34891
-0.47083,-0.18962,0.34891
-0.47083,-0.18962,0.34891
-0.47067,-0.19149,0.34733
-0.47067,-0.19149,0.34733
-0.47067,-0.19149,0.34733
-0.47067,-0.19149,0.34733
-0.47067,-0.19149,0.34733
-0.47048,-0.19343,0.34574
-0.47048,-0.19343,0.34574
-0.47048,-0.19343,0.34574
-0.47048,-0.19343,0.34574
-0.47048,-0.19343,0.34574
-0.47032,-0.19532,0.34407
-0.47032,-0.19532,0.34407
-0.47032,-0.19532,0.34407
-0.47032,-0.19532,0.34407
-0.47032,-0.19532,0.34407
-0.47019,-0.19711,0.34240
-0.47019,-0.19711,0.34240
-0.47019,-0.19711,0.34240
-0.47019,-0.19711,0.34240
-0.47019,-0.19711,0.34240
-0.47007,-0.19888,0.34073
-0.47007,-0.19888,0.34073
-0.47007,-0.19888,0.34073
-0.47007,-0.19888,0.34073
-0.47007,-0.19888,0.34073
-0.46995,-0.20071,0.33913
-0.46995,-0.20071,0.33913
-0.46995,-0.20071,0.33913
-0.46995,-0.20071,0.33913
-0.46995,-0.20071,0.33913
-0.46982,-0.20262,0.33755
-0.46982,-0.20262,0.33755
-0.46982,-0.20262,0.33755
-0.46982,-0.20262,0.33755
-0.46982,-0.20262,0.33755
-0.46965,-0.20454,0.33590
-0.46965,-0.20454,0.33590
-0.46965,-0.20454,0.33590
-0.46965,-0.20454,0.33590
-0.46965,-0.20454,0.33590
-0.46949,-0.20639,0.33420
-0.46949,-0.20639,0.33420
-0.46949,-0.20639,0.33420
-0.46949,-0.20639,0.33420
-0.46949,-0.20639,0.33420
-0.46934,-0.20815,0.33250
-0.46934,-0.20815,0.33250
-0.46934,-0.20815,0.33250
-0.46934,-0.20815,0.33250
-0.46934,-0.20815,0.33250
-0.46921,-0.20991,0.33086
-0.46921,-0.20991,0.33086
-0.46921,-0.20991,0.33086
-0.46921,-0.20991,0.33086
-0.46921,-0.20991,0.33086
-0.46907,-0.21175,0.32926
-0.46907,-0.21175,0.32926
-0.46907,-0.21175,0.32926
-0.46907,-0.21175,0.32926
-0.46907,-0.21175,0.32926
-0.46889,-0.21364,0.32760
-0.46889,-0.21364,0.32760
-0.46889,-0.21364,0.32760
-0.46889,-0.21364,0.32760
-0.46889,-0.21364,0.32760
-0.46869,-0.21550,0.32587
-0.46869,-0.21550,0.32587
-0.46869,-0.21550,0.32587
-0.46869,-0.21550,0.32587
-0.46869,-0.21550,0.32587
-0.46853,-0.21731,0.32415
-0.46853,-0.21731,0.32415
-0.46853,-0.21731,0.32415
-0.46853,-0.21731,0.32415
-0.46853,-0.21731,0.32415
-0.46840,-0.21907,0.32251
-0.46840,-0.21907,0.32251
-0.46840,-0.21907,0.32251
-0.46840,-0.21907,0.32251
-0.46840,-0.21907,0.32251
-0.46828,-0.22084,0.32092
-0.46828,-0.22084,0.32092
-0.46828,-0.22084,0.32092
-0.46828,-0.22084,0.32092
-0.46828,-0.22084,0.32092
-0.46815,-0.22269,0.31929
-0.46815,-0.22269,0.31929
-0.46815,-0.22269,0.31929
-0.46815,-0.22269,0.31929
-0.46815,-0.22269,0.31929
-0.46802,-0.22456,0.31760
-0.46802,-0.22456,0.31760
-0.46802,-0.22456,0.31760
-0.46802,-0.22456,0.31760
-0.46802,-0.22456,0.31760
-0.46787,-0.22644,0.31589
-0.46787,-0.22644,0.31589
-0.46787,-0.22644,0.31589
-0.46787,-0.22644,0.31589
-0.46787,-0.22644,0.31589
-0.46776,-0.22828,0.31427
-0.46776,-0.22828,0.31427
-0.46776,-0.22828,0.31427
-0.46776,-0.22828,0.31427
-0.46776,-0.22828,0.31427
-0.46770,-0.23007,0.31273
-0.46770,-0.23007,0.31273
-0.46770,-0.23007,0.31273
-0.46770,-0.23007,0.31273
-0.46770,-0.23007,0.31273
-0.46762,-0.23186,0.31113
-0.46762,-0.23186,0.31113
-0.46762,-0.23186,0.31113
-0.46762,-0.23186,0.31113
-0.46762,-0.23186,0.31113
-0.46751,-0.23371,0.30945
-0.46751,-0.23371,0.30945
-0.46751,-0.23371,0.30945
-0.46751,-0.23371,0.30945
-0.46751,-0.23371,0.30945
-0.46737,-0.23559,0.30777
-0.46737,-0.23559,0.30777
-0.46737,-0.23559,0.30777
-0.46737,-0.23559,0.30777
-0.46737,-0.23559,0.30777
-0.46723,-0.23747,0.30617
-0.46723,-0.23747,0.30617
-0.46723,-0.23747,0.30617
-0.46723,-0.23747,0.30617
-0.46723,-0.23747,0.30617
-0.46712,-0.23934,0.30462
-0.46712,-0.23934,0.30462
-0.46712,-0.23934,0.30462
-0.46712,-0.23934,0.30462
-0.46712,-0.23934,0.30462
-0.46701,-0.24115,0.30300
-0.46701,-0.24115,0.30300
-0.46701,-0.24115,0.30300
-0.46701,-0.24115,0.30300
-0.46701,-0.24115,0.30300
-0.46690,-0.24293,0.30131
-0.46690,-0.24293,0.30131
-0.46690,-0.24293,0.30131
-0.46690,-0.24293,0.30131
-0.46690,-0.24293,0.30131
-0.46677,-0.24474,0.29963
-0.46677,-0.24474,0.29963
-0.46677,-0.24474,0.29963
-0.46677,-0.24474,0.29963
-0.46677,-0.24474,0.29963
-0.46665,-0.24660,0.29807
-0.46665,-0.24660,0.29807
-0.46665,-0.24660,0.29807
-0.46665,-0.24660,0.29807
-0.46665,-0.24660,0.29807
-0.46653,-0.24852,0.29656
-0.46653,-0.24852,0.29656
-0.46653,-0.24852,0.29656
-0.46653,-0.24852,0.29656
-0.46653,-0.24852,0.29656
-0.46642,-0.25042,0.29496
-0.46642,-0.25042,0.29496
-0.46642,-0.25042,0.29496
-0.46642,-0.25042,0.29496
-0.46642,-0.25042,0.29496
-0.46636,-0.25227,0.29333
-0.46636,-0.25227,0.29333
-0.46636,-0.25227,0.29333
-0.46636,-0.25227,0.29333
-0.46636,-0.25227,0.29333
-0.46633,-0.25410,0.29176
-0.46633,-0.25410,0.29176
-0.46633,-0.25410,0.29176
-0.46633,-0.25410,0.29176
-0.46633,-0.25410,0.29176
-0.46630,-0.25597,0.29028
-0.46630,-0.25597,0.29028
-0.46630,-0.25597,0.29028
-0.46630,-0.25597,0.29028
-0.46630,-0.25597,0.29028
-0.46622,-0.25792,0.28880
-0.46622,-0.25792,0.28880
-0.46622,-0.25792,0.28880
-0.46622,-0.25792,0.28880
-0.46622,-0.25792,0.28880
-0.46612,-0.25987,0.28723
-0.46612,-0.25987,0.28723
-0.46612,-0.25987,0.28723
-0.46612,-0.25987,0.28723
-0.46612,-0.25987,0.28723
-0.46600,-0.26179,0.28561
-0.46600,-0.26179,0.28561
-0.46600,-0.26179,0.28561
-0.46600,-0.26179,0.28561
-0.46600,-0.26179,0.28561
-0.46593,-0.26365,0.28408
-0.46593,-0.26365,0.28408
-0.46593,-0.26365,0.28408
-0.46593,-0.26365,0.28408
-0.46593,-0.26365,0.28408
-0.46587,-0.26550,0.28267
-0.46587,-0.26550,0.28267
-0.46587,-0.26550,0.28267
-0.46587,-0.26550,0.28267
-0.46587,-0.26550,0.28267
-0.46582,-0.26737,0.28120
-0.46582,-0.26737,0.28120
-0.46582,-0.26737,0.28120
-0.46582,-0.26737,0.28120
-0.46582,-0.26737,0.28120
-0.46575,-0.26930,0.27969
-0.46575,-0.26930,0.27969
-0.46575,-0.26930,0.27969
-0.46575,-0.26930,0.27969
-0.46575,-0.26930,0.27969
-0.46564,-0.27126,0.27812
-0.46564,-0.27126,0.27812
-0.46564,-0.27126,0.27812
-0.46564,-0.27126,0.27812
-0.46564,-0.27126,0.27812
-0.46554,-0.27324,0.27667
-0.46554,-0.27324,0.27667
-0.46554,-0.27324,0.27667
-0.46554,-0.27324,0.27667
-0.46554,-0.27324,0.27667
-0.46551,-0.27520,0.27532
-0.46551,-0.27520,0.27532
-0.46551,-0.27520,0.27532
-0.46551,-0.27520,0.27532
-0.46551,-0.27520,0.27532
-0.46549,-0.27713,0.27390
-0.46549,-0.27713,0.27390
-0.46549,-0.27713,0.27390
-0.46549,-0.27713,0.27390
-0.46549,-0.27713,0.27390
-0.46545,-0.27906,0.27241
-0.46545,-0.27906,0.27241
-0.46545,-0.27906,0.27241
-0.46545,-0.27906,0.27241
-0.46545,-0.27906,0.27241
-0.46541,-0.28106,0.27096
-0.46541,-0.28106,0.27096
-0.46541,-0.28106,0.27096
-0.46541,-0.28106,0.27096
-0.46541,-0.28106,0.27096
-0.46538,-0.28313,0.26967
-0.46538,-0.28313,0.26967
-0.46538,-0.28313,0.26967
-0.46538,-0.28313,0.26967
-0.46538,-0.28313,0.26967
-0.46530,-0.28518,0.26837
-0.46530,-0.28518,0.26837
-0.46530,-0.28518,0.26837
-0.46530,-0.28518,0.26837
-0.46530,-0.28518,0.26837
-0.46521,-0.28721,0.26698
-0.46521,-0.28721,0.26698
-0.46521,-0.28721,0.26698
-0.46521,-0.28721,0.26698
-0.46521,-0.28721,0.26698
-0.46514,-0.28920,0.26555
-0.46514,-0.28920,0.26555
-0.46514,-0.28920,0.26555
-0.46514,-0.28920,0.26555
-0.46514,-0.28920,0.26555
-0.46508,-0.29119,0.26420
-0.46508,-0.29119,0.26420
-0.46508,-0.29119,0.26420
-0.46508,-0.29119,0.26420
-0.46508,-0.29119,0.26420
-0.46502,-0.29323,0.26299
-0.46502,-0.29323,0.26299
-0.46502,-0.29323,0.26299
-0.46502,-0.29323,0.26299
-0.46502,-0.29323,0.26299
-0.46494,-0.29535,0.26180
-0.46494,-0.29535,0.26180
-0.46494,-0.29535,0.26180
-0.46494,-0.29535,0.26180
-0.46494,-0.29535,0.26180
-0.46481,-0.29749,0.26051
-0.46481,-0.29749,0.26051
-0.46481,-0.29749,0.26051
-0.46481,-0.29749,0.26051
-0.46481,-0.29749,0.26051
-0.46470,-0.29957,0.25916
-0.46470,-0.29957,0.25916
-0.46470,-0.29957,0.25916
-0.46470,-0.29957,0.25916
-0.46470,-0.29957,0.25916
-0.46470,-0.30164,0.25797
-0.46470,-0.30164,0.25797
-0.46470,-0.30164,0.25797
-0.46470,-0.30164,0.25797
-0.46470,-0.30164,0.25797
-0.46475,-0.30376,0.25689
-0.46475,-0.30376,0.25689
-0.46475,-0.30376,0.25689
-0.46475,-0.30376,0.25689
-0.46475,-0.30376,0.25689
-0.46480,-0.30599,0.25581
-0.46480,-0.30599,0.25581
-0.46480,-0.30599,0.25581
-0.46480,-0.30599,0.25581
-0.46480,-0.30599,0.25581
-0.46475,-0.30827,0.25463
-0.46475,-0.30827,0.25463
-0.46475,-0.30827,0.25463
-0.46475,-0.30827,0.25463
-0.46475,-0.30827,0.25463
-0.46467,-0.31052,0.25343
-0.46467,-0.31052,0.25343
-0.46467,-0.31052,0.25343
-0.46467,-0.31052,0.25343
-0.46467,-0.31052,0.25343
-0.46466,-0.31272,0.25236
-0.46466,-0.31272,0.25236
-0.46466,-0.31272,0.25236
-0.46466,-0.31272,0.25236
-0.46466,-0.31272,0.25236
-0.46469,-0.31489,0.25137
-0.46469,-0.31489,0.25137
-0.46469,-0.31489,0.25137
-0.46469,-0.31489,0.25137
-0.46469,-0.31489,0.25137
-0.46471,-0.31709,0.25038
-0.46471,-0.31709,0.25038
-0.46471,-0.31709,0.25038
-0.46471,-0.31709,0.25038
-0.46471,-0.31709,0.25038
-0.46462,-0.31934,0.24925
-0.46462,-0.31934,0.24925
-0.46462,-0.31934,0.24925
-0.46462,-0.31934,0.24925
-0.46462,-0.31934,0.24925
-0.46448,-0.32165,0.24811
-0.46448,-0.32165,0.24811
-0.46448,-0.32165,0.24811
-0.46448,-0.32165,0.24811
-0.46448,-0.32165,0.24811
-0.46439,-0.32400,0.24711
-0.46439,-0.32400,0.24711
-0.46439,-0.32400,0.24711
-0.46439,-0.32400,0.24711
-0.46439,-0.32400,0.24711
-0.46438,-0.32627,0.24620
-0.46438,-0.32627,0.24620
-0.46438,-0.32627,0.24620
-0.46438,-0.32627,0.24620
-0.46438,-0.32627,0.24620
-0.46439,-0.32850,0.24526
-0.46439,-0.32850,0.24526
-0.46439,-0.32850,0.24526
-0.46439,-0.32850,0.24526
-0.46439,-0.32850,0.24526
-0.46431,-0.33075,0.24422
-0.46431,-0.33075,0.24422
-0.46431,-0.33075,0.24422
-0.46431,-0.33075,0.24422
-0.46431,-0.33075,0.24422
-0.46416,-0.33310,0.24320
-0.46416,-0.33310,0.24320
-0.46416,-0.33310,0.24320
-0.46416,-0.33310,0.24320
-0.46416,-0.33310,0.24320
-0.46404,-0.33550,0.24232
-0.46404,-0.33550,0.24232
-0.46404,-0.33550,0.24232
-0.46404,-0.33550,0.24232
-0.46404,-0.33550,0.24232
-0.46398,-0.33790,0.24156
-0.46398,-0.33790,0.24156
-0.46398,-0.33790,0.24156
-0.46398,-0.33790,0.24156
-0.46398,-0.33790,0.24156
-0.46392,-0.34021,0.24072
-0.46392,-0.34021,0.24072
-0.46392,-0.34021,0.24072
-0.46392,-0.34021,0.24072
-0.46392,-0.34021,0.24072
-0.46386,-0.34251,0.23983
-0.46386,-0.34251,0.23983
-0.46386,-0.34251,0.23983
-0.46386,-0.34251,0.23983
-0.46386,-0.34251,0.23983
-0.46377,-0.34486,0.23896
-0.46377,-0.34486,0.23896
-0.46377,-0.34486,0.23896
-0.46377,-0.34486,0.23896
-0.46377,-0.34486,0.23896
-0.46369,-0.34732,0.23823
-0.46369,-0.34732,0.23823
-0.46369,-0.34732,0.23823
-0.46369,-0.34732,0.23823
-0.46369,-0.34732,0.23823
-0.46356,-0.34980,0.23755
-0.46356,-0.34980,0.23755
-0.46356,-0.34980,0.23755
-0.46356,-0.34980,0.23755
-0.46356,-0.34980,0.23755
-0.46344,-0.35224,0.23686
-0.46344,-0.35224,0.23686
-0.46344,-0.35224,0.23686
-0.46344,-0.35224,0.23686
-0.46344,-0.35224,0.23686
-0.46338,-0.35461,0.23616
-0.46338,-0.35461,0.23616
-0.46338,-0.35461,0.23616
-0.46338,-0.35461,0.23616
-0.46338,-0.35461,0.23616
-0.46333,-0.35699,0.23548
-0.46333,-0.35699,0.23548
-0.46333,-0.35699,0.23548
-0.46333,-0.35699,0.23548
-0.46333,-0.35699,0.23548
-0.46320,-0.35946,0.23482
-0.46320,-0.35946,0.23482
-0.46320,-0.35946,0.23482
-0.46320,-0.35946,0.23482
-0.46320,-0.35946,0.23482
-0.46302,-0.36196,0.23420
-0.46302,-0.36196,0.23420
-0.46302,-0.36196,0.23420
-0.46302,-0.36196,0.23420
-0.46302,-0.36196,0.23420
-0.46286,-0.36447,0.23367
-0.46286,-0.36447,0.23367
-0.46286,-0.36447,0.23367
-0.46286,-0.36447,0.23367
-0.46286,-0.36447,0.23367
-0.46274,-0.36695,0.23318
-0.46274,-0.36695,0.23318
-0.46274,-0.36695,0.23318
-0.46274,-0.36695,0.23318
-0.46274,-0.36695,0.23318
-0.46263,-0.36935,0.23264
-0.46263,-0.36935,0.23264
-0.46263,-0.36935,0.23264
-0.46263,-0.36935,0.23264
-0.46263,-0.36935,0.23264
-0.46247,-0.37176,0.23205
-0.46247,-0.37176,0.23205
-0.46247,-0.37176,0.23205
-0.46247,-0.37176,0.23205
-0.46247,-0.37176,0.23205
-0.46226,-0.37427,0.23152
-0.46226,-0.37427,0.23152
-0.46226,-0.37427,0.23152
-0.46226,-0.37427,0.23152
-0.46226,-0.37427,0.23152
-0.46206,-0.37683,0.23114
-0.46206,-0.37683,0.23114
-0.46206,-0.37683,0.23114
-0.46206,-0.37683,0.23114
-0.46206,-0.37683,0.23114
-0.46185,-0.37936,0.23079
-0.46185,-0.37936,0.23079
-0.46185,-0.37936,0.23079
-0.46185,-0.37936,0.23079
-0.46185,-0.37936,0.23079
-0.46167,-0.38180,0.23038
-0.46167,-0.38180,0.23038
-0.46167,-0.38180,0.23038
-0.46167,-0.38180,0.23038
-0.46167,-0.38180,0.23038
-0.46151,-0.38423,0.23003
-0.46151,-0.38423,0.23003
-0.46151,-0.38423,0.23003
-0.46151,-0.38423,0.23003
-0.46151,-0.38423,0.23003
-0.46133,-0.38674,0.22973
-0.46133,-0.38674,0.22973
-0.46133,-0.38674,0.22973
-0.46133,-0.38674,0.22973
-0.46133,-0.38674,0.22973
-0.46107,-0.38928,0.22937
-0.46107,-0.38928,0.22937
-0.46107,-0.38928,0.22937
-0.46107,-0.38928,0.22937
-0.46107,-0.38928,0.22937
-0.46080,-0.39181,0.22910
-0.46080,-0.39181,0.22910
-0.46080,-0.39181,0.22910
-0.46080,-0.39181,0.22910
-0.46080,-0.39181,0.22910
-0.46059,-0.39433,0.22897
-0.46059,-0.39433,0.22897
-0.46059,-0.39433,0.22897
-0.46059,-0.39433,0.22897
-0.46059,-0.39433,0.22897
-0.46046,-0.39679,0.22890
-0.46046,-0.39679,0.22890
-0.46046,-0.39679,0.22890
-0.46046,-0.39679,0.22890
-0.46046,-0.39679,0.22890
-0.46029,-0.39923,0.22879
-0.46029,-0.39923,0.22879
-0.46029,-0.39923,0.22879
-0.46029,-0.39923,0.22879
-0.46029,-0.39923,0.22879
-0.46006,-0.40175,0.22869
-0.46006,-0.40175,0.22869
-0.46006,-0.40175,0.22869
-0.46006,-0.40175,0.22869
-0.46006,-0.40175,0.22869
-0.45979,-0.40428,0.22858
-0.45979,-0.40428,0.22858
-0.45979,-0.40428,0.22858
-0.45979,-0.40428,0.22858
-0.45979,-0.40428,0.22858
-0.45958,-0.40673,0.22856
-0.45958,-0.40673,0.22856
-0.45958,-0.40673,0.22856
-0.45958,-0.40673,0.22856
-0.45958,-0.40673,0.22856
-0.45942,-0.40891,0.22856
-0.45942,-0.40891,0.22856
-0.45942,-0.40891,0.22856
-0.45942,-0.40891,0.22856
-0.45942,-0.40891,0.22856
-0.45932,-0.41087,0.22855
-0.45932,-0.41087,0.22855
-0.45932,-0.41087,0.22855
-0.45932,-0.41087,0.22855
-0.45932,-0.41087,0.22855
-0.45918,-0.41274,0.22856
-0.45918,-0.41274,0.22856
-0.45918,-0.41274,0.22856
-0.45918,-0.41274,0.22856
-0.45918,-0.41274,0.22856
-0.45900,-0.41455,0.22862
-0.45900,-0.41455,0.22862
-0.45900,-0.41455,0.22862
-0.45900,-0.41455,0.22862
-0.45900,-0.41455,0.22862
-0.45880,-0.41611,0.22857
-0.45880,-0.41611,0.22857
-0.45880,-0.41611,0.22857
-0.45880,-0.41611,0.22857
-0.45880,-0.41611,0.22857
-0.45870,-0.41742,0.22852
-0.45870,-0.41742,0.22852
-0.45870,-0.41742,0.22852
-0.45870,-0.41742,0.22852
-0.45870,-0.41742,0.22852
-0.45872,-0.41853,0.22846
-0.45872,-0.41853,0.22846
-0.45872,-0.41853,0.22846
-0.45872,-0.41853,0.22846
-0.45872,-0.41853,0.22846
-0.45885,-0.41946,0.22843
-0.45885,-0.41946,0.22843
-0.45885,-0.41946,0.22843
-0.45885,-0.41946,0.22843
-0.45885,-0.41946,0.22843
-0.45915,-0.42024,0.22845
-0.45915,-0.42024,0.22845
-0.45915,-0.42024,0.22845
-0.45915,-0.42024,0.22845
-0.45915,-0.42024,0.22845
-0.45948,-0.42091,0.22844
-0.45948,-0.42091,0.22844
-0.45948,-0.42091,0.22844
-0.45948,-0.42091,0.22844
-0.45948,-0.42091,0.22844
-0.45985,-0.42150,0.22850
-0.45985,-0.42150,0.22850
-0.45985,-0.42150,0.22850
-0.45985,-0.42150,0.22850
-0.45985,-0.42150,0.22850
-0.46024,-0.42206,0.22860
-0.46024,-0.42206,0.22860
-0.46024,-0.42206,0.22860
-0.46024,-0.42206,0.22860
-0.46024,-0.42206,0.22860
-0.46066,-0.42257,0.22876
-0.46066,-0.42257,0.22876
-0.46066,-0.42257,0.22876
-0.46066,-0.42257,0.22876
-0.46066,-0.42257,0.22876
-0.46104,-0.42301,0.22890
-0.46104,-0.42301,0.22890
-0.46104,-0.42301,0.22890
-0.46104,-0.42301,0.22890
-0.46104,-0.42301,0.22890
-0.46135,-0.42346,0.22903
-0.46135,-0.42346,0.22903
-0.46135,-0.42346,0.22903
-0.46135,-0.42346,0.22903
-0.46135,-0.42346,0.22903
-0.46161,-0.42379,0.22917
-0.46161,-0.42379,0.22917
-0.46161,-0.42379,0.22917
-0.46161,-0.42379,0.22917
-0.46161,-0.42379,0.22917
-0.46173,-0.42410,0.22927
-0.46173,-0.42410,0.22927
-0.46173,-0.42410,0.22927
-0.46173,-0.42410,0.22927
-0.46173,-0.42410,0.22927
-0.46171,-0.42434,0.22931
-0.46171,-0.42434,0.22931
-0.46171,-0.42434,0.22931
-0.46171,-0.42434,0.22931
-0.46171,-0.42434,0.22931
-0.46155,-0.42455,0.22930
-0.46155,-0.42455,0.22930
-0.46155,-0.42455,0.22930
-0.46155,-0.42455,0.22930
-0.46155,-0.42455,0.22930
-0.46134,-0.42466,0.22927
-0.46134,-0.42466,0.22927
-0.46134,-0.42466,0.22927
-0.46134,-0.42466,0.22927
-0.46134,-0.42466,0.22927
-0.46109,-0.42472,0.22923
-0.46109,-0.42472,0.22923
-0.46109,-0.42472,0.22923
-0.46109,-0.42472,0.22923
-0.46109,-0.42472,0.22923
-0.46082,-0.42481,0.22919
-0.46082,-0.42481,0.22919
-0.46082,-0.42481,0.22919
-0.46082,-0.42481,0.22919
-0.46082,-0.42481,0.22919
-0.46057,-0.42493,0.22918
-0.46057,-0.42493,0.22918
-0.46057,-0.42493,0.22918
-0.46057,-0.42493,0.22918
-0.46057,-0.42493,0.22918
-0.46039,-0.42506,0.22921
-0.46039,-0.42506,0.22921
-0.46039,-0.42506,0.22921
-0.46039,-0.42506,0.22921
-0.46039,-0.42506,0.22921
-0.46030,-0.42521,0.22928
-0.46030,-0.42521,0.22928
-0.46030,-0.42521,0.22928
-0.46030,-0.42521,0.22928
-0.46030,-0.42521,0.22928
-0.46024,-0.42533,0.22935
-0.46024,-0.42533,0.22935
-0.46024,-0.42533,0.22935
-0.46024,-0.42533,0.22935
-0.46024,-0.42533,0.22935
-0.46021,-0.42541,0.22941
-0.46021,-0.42541,0.22941
-0.46021,-0.42541,0.22941
-0.46021,-0.42541,0.22941
-0.46021,-0.42541,0.22941
-0.46020,-0.42545,0.22947
-0.46020,-0.42545,0.22947
-0.46020,-0.42545,0.22947
-0.46020,-0.42545,0.22947
-0.46020,-0.42545,0.22947
-0.46020,-0.42546,0.22954
-0.46020,-0.42546,0.22954
-0.46020,-0.42546,0.22954
-0.46020,-0.42546,0.22954
-0.46020,-0.42546,0.22954
-0.46021,-0.42546,0.22959
-0.46021,-0.42546,0.22959
-0.46021,-0.42546,0.22959
-0.46021,-0.42546,0.22959
-0.46021,-0.42546,0.22959
-0.46024,-0.42543,0.22962
-0.46024,-0.42543,0.22962
-0.46024,-0.42543,0.22962
-0.46024,-0.42543,0.22962
-0.46024,-0.42543,0.22962
-0.46028,-0.42540,0.22964
-0.46028,-0.42540,0.22964
-0.46028,-0.42540,0.22964
-0.46028,-0.42540,0.22964
-0.46028,-0.42540,0.22964
-0.46032,-0.42535,0.22965
-0.46032,-0.42535,0.22965
-0.46032,-0.42535,0.22965
-0.46032,-0.42535,0.22965
-0.46032,-0.42535,0.22965
-0.46037,-0.42530,0.22965
-0.46037,-0.42530,0.22965
-0.46037,-0.42530,0.22965
-0.46037,-0.42530,0.22965
-0.46037,-0.42530,0.22965
-0.46042,-0.42525,0.22965
-0.46042,-0.42525,0.22965
-0.46042,-0.42525,0.22965
-0.46042,-0.42525,0.22965
-0.46042,-0.42525,0.22965
-0.46045,-0.42521,0.22964
-0.46045,-0.42521,0.22964
-0.46045,-0.42521,0.22964
-0.46045,-0.42521,0.22964
-0.46045,-0.42521,0.22964
-0.46048,-0.42518,0.22963
-0.46048,-0.42518,0.22963
-0.46048,-0.42518,0.22963
-0.46048,-0.42518,0.22963
-0.46048,-0.42518,0.22963
-0.46050,-0.42516,0.22962
