-0.46157,-0.42705,0.22955
-0.46157,-0.42705,0.22955
-0.46157,-0.42705,0.22955
-0.46157,-0.42705,0.22955
-0.46157,-0.42705,0.22955
-0.46157,-0.42705,0.22955
-0.46157,-0.42705,0.22955
-0.46157,-0.42705,0.22955
-0.46157,-0.42705,0.22955
-0.46157,-0.42705,0.22955
-0.46157,-0.42705,0.22955
-0.46157,-0.42705,0.22955
-0.46157,-0.42705,0.22955
-0.46157,-0.42705,0.22955
-0.46157,-0.42705,0.22955
-0.46157,-0.42705,0.22955
-0.46157,-0.42705,0.22955
-0.46157,-0.42705,0.22955
-0.46157,-0.42705,0.22955
-0.46157,-0.42705,0.22955
-0.46157,-0.42705,0.22955
-0.46157,-0.42705,0.22955
-0.46157,-0.42705,0.22955
-0.46157,-0.42705,0.22955
-0.46157,-0.42705,0.22955
-0.46157,-0.42705,0.22955
-0.46157,-0.42705,0.22955
-0.46157,-0.42705,0.22955
-0.46157,-0.42705,0.22955
-0.46157,-0.42705,0.22955
-0.46157,-0.42705,0.22955
-0.46157,-0.42705,0.22955
-0.46186,-0.42666,0.22955
-0.46186,-0.42666,0.22955
-0.46186,-0.42666,0.22955
-0.46186,-0.42666,0.22955
-0.46186,-0.42666,0.22955
-0.46245,-0.42570,0.22957
-0.46245,-0.42570,0.22957
-0.46245,-0.42570,0.22957
-0.46245,-0.42570,0.22957
-0.46245,-0.42570,0.22957
-0.46282,-0.42466,0.22944
-0.46282,-0.42466,0.22944
-0.46282,-0.42466,0.22944
-0.46282,-0.42466,0.22944
-0.46282,-0.42466,0.22944
-0.46317,-0.42330,0.22930
-0.46317,-0.42330,0.22930
-0.46317,-0.42330,0.22930
-0.46317,-0.42330,0.22930
-0.46317,-0.42330,0.22930
-0.46371,-0.42154,0.22925
-0.46371,-0.42154,0.22925
-0.46371,-0.42154,0.22925
-0.46371,-0.42154,0.22925
-0.46371,-0.42154,0.22925
-0.46451,-0.41939,0.22923
-0.46451,-0.41939,0.22923
-0.46451,-0.41939,0.22923
-0.46451,-0.41939,0.22923
-0.46451,-0.41939,0.22923
-0.46537,-0.41713,0.22919
-0.46537,-0.41713,0.22919
-0.46537,-0.41713,0.22919
-0.46537,-0.41713,0.22919
-0.46537,-0.41713,0.22919
-0.46624,-0.41488,0.22922
-0.46624,-0.41488,0.22922
-0.46624,-0.41488,0.22922
-0.46624,-0.41488,0.22922
-0.46624,-0.41488,0.22922
-0.46714,-0.41270,0.22935
-0.46714,-0.41270,0.22935
-0.46714,-0.41270,0.22935
-0.46714,-0.41270,0.22935
-0.46714,-0.41270,0.22935
-0.46801,-0.41052,0.22948
-0.46801,-0.41052,0.22948
-0.46801,-0.41052,0.22948
-0.46801,-0.41052,0.22948
-0.46801,-0.41052,0.22948
-0.46893,-0.40835,0.22977
-0.46893,-0.40835,0.22977
-0.46893,-0.40835,0.22977
-0.46893,-0.40835,0.22977
-0.46893,-0.40835,0.22977
-0.46983,-0.40616,0.23017
-0.46983,-0.40616,0.23017
-0.46983,-0.40616,0.23017
-0.46983,-0.40616,0.23017
-0.46983,-0.40616,0.23017
-0.47064,-0.40401,0.23066
-0.47064,-0.40401,0.23066
-0.47064,-0.40401,0.23066
-0.47064,-0.40401,0.23066
-0.47064,-0.40401,0.23066
-0.47134,-0.40201,0.23123
-0.47134,-0.40201,0.23123
-0.47134,-0.40201,0.23123
-0.47134,-0.40201,0.23123
-0.47134,-0.40201,0.23123
-0.47197,-0.40000,0.23182
-0.47197,-0.40000,0.23182
-0.47197,-0.40000,0.23182
-0.47197,-0.40000,0.23182
-0.47197,-0.40000,0.23182
-0.47246,-0.39808,0.23247
-0.47246,-0.39808,0.23247
-0.47246,-0.39808,0.23247
-0.47246,-0.39808,0.23247
-0.47246,-0.39808,0.23247
-0.47283,-0.39618,0.23303
-0.47283,-0.39618,0.23303
-0.47283,-0.39618,0.23303
-0.47283,-0.39618,0.23303
-0.47283,-0.39618,0.23303
-0.47310,-0.39429,0.23352
-0.47310,-0.39429,0.23352
-0.47310,-0.39429,0.23352
-0.47310,-0.39429,0.23352
-0.47310,-0.39429,0.23352
-0.47340,-0.39238,0.23410
-0.47340,-0.39238,0.23410
-0.47340,-0.39238,0.23410
-0.47340,-0.39238,0.23410
-0.47340,-0.39238,0.23410
-0.47369,-0.39041,0.23469
-0.47369,-0.39041,0.23469
-0.47369,-0.39041,0.23469
-0.47369,-0.39041,0.23469
-0.47369,-0.39041,0.23469
-0.47392,-0.38843,0.23529
-0.47392,-0.38843,0.23529
-0.47392,-0.38843,0.23529
-0.47392,-0.38843,0.23529
-0.47392,-0.38843,0.23529
-0.47409,-0.38643,0.23594
-0.47409,-0.38643,0.23594
-0.47409,-0.38643,0.23594
-0.47409,-0.38643,0.23594
-0.47409,-0.38643,0.23594
-0.47424,-0.38435,0.23656
-0.47424,-0.38435,0.23656
-0.47424,-0.38435,0.23656
-0.47424,-0.38435,0.23656
-0.47424,-0.38435,0.23656
-0.47441,-0.38226,0.23721
-0.47441,-0.38226,0.23721
-0.47441,-0.38226,0.23721
-0.47441,-0.38226,0.23721
-0.47441,-0.38226,0.23721
-0.47459,-0.38012,0.23784
-0.47459,-0.38012,0.23784
-0.47459,-0.38012,0.23784
-0.47459,-0.38012,0.23784
-0.47459,-0.38012,0.23784
-0.47472,-0.37804,0.23848
-0.47472,-0.37804,0.23848
-0.47472,-0.37804,0.23848
-0.47472,-0.37804,0.23848
-0.47472,-0.37804,0.23848
-0.47486,-0.37591,0.23918
-0.47486,-0.37591,0.23918
-0.47486,-0.37591,0.23918
-0.47486,-0.37591,0.23918
-0.47486,-0.37591,0.23918
-0.47508,-0.37375,0.24001
-0.47508,-0.37375,0.24001
-0.47508,-0.37375,0.24001
-0.47508,-0.37375,0.24001
-0.47508,-0.37375,0.24001
-0.47529,-0.37158,0.24083
-0.47529,-0.37158,0.24083
-0.47529,-0.37158,0.24083
-0.47529,-0.37158,0.24083
-0.47529,-0.37158,0.24083
-0.47548,-0.36945,0.24162
-0.47548,-0.36945,0.24162
-0.47548,-0.36945,0.24162
-0.47548,-0.36945,0.24162
-0.47548,-0.36945,0.24162
-0.47561,-0.36732,0.24238
-0.47561,-0.36732,0.24238
-0.47561,-0.36732,0.24238
-0.47561,-0.36732,0.24238
-0.47561,-0.36732,0.24238
-0.47572,-0.36523,0.24321
-0.47572,-0.36523,0.24321
-0.47572,-0.36523,0.24321
-0.47572,-0.36523,0.24321
-0.47572,-0.36523,0.24321
-0.47587,-0.36314,0.24418
-0.47587,-0.36314,0.24418
-0.47587,-0.36314,0.24418
-0.47587,-0.36314,0.24418
-0.47587,-0.36314,0.24418
-0.47605,-0.36101,0.24519
-0.47605,-0.36101,0.24519
-0.47605,-0.36101,0.24519
-0.47605,-0.36101,0.24519
-0.47605,-0.36101,0.24519
-0.47624,-0.35878,0.24611
-0.47624,-0.35878,0.24611
-0.47624,-0.35878,0.24611
-0.47624,-0.35878,0.24611
-0.47624,-0.35878,0.24611
-0.47643,-0.35652,0.24695
-0.47643,-0.35652,0.24695
-0.47643,-0.35652,0.24695
-0.47643,-0.35652,0.24695
-0.47643,-0.35652,0.24695
-0.47662,-0.35430,0.24786
-0.47662,-0.35430,0.24786
-0.47662,-0.35430,0.24786
-0.47662,-0.35430,0.24786
-0.47662,-0.35430,0.24786
-0.47681,-0.35211,0.24888
-0.47681,-0.35211,0.24888
-0.47681,-0.35211,0.24888
-0.47681,-0.35211,0.24888
-0.47681,-0.35211,0.24888
-0.47700,-0.34995,0.24997
-0.47700,-0.34995,0.24997
-0.47700,-0.34995,0.24997
-0.47700,-0.34995,0.24997
-0.47700,-0.34995,0.24997
-0.47715,-0.34771,0.25094
-0.47715,-0.34771,0.25094
-0.47715,-0.34771,0.25094
-0.47715,-0.34771,0.25094
-0.47715,-0.34771,0.25094
-0.47732,-0.34541,0.25184
-0.47732,-0.34541,0.25184
-0.47732,-0.34541,0.25184
-0.47732,-0.34541,0.25184
-0.47732,-0.34541,0.25184
-0.47758,-0.34307,0.25287
-0.47758,-0.34307,0.25287
-0.47758,-0.34307,0.25287
-0.47758,-0.34307,0.25287
-0.47758,-0.34307,0.25287
-0.47784,-0.34074,0.25395
-0.47784,-0.34074,0.25395
-0.47784,-0.34074,0.25395
-0.47784,-0.34074,0.25395
-0.47784,-0.34074,0.25395
-0.47805,-0.33846,0.25508
-0.47805,-0.33846,0.25508
-0.47805,-0.33846,0.25508
-0.47805,-0.33846,0.25508
-0.47805,-0.33846,0.25508
-0.47819,-0.33620,0.25612
-0.47819,-0.33620,0.25612
-0.47819,-0.33620,0.25612
-0.47819,-0.33620,0.25612
-0.47819,-0.33620,0.25612
-0.47831,-0.33393,0.25711
-0.47831,-0.33393,0.25711
-0.47831,-0.33393,0.25711
-0.47831,-0.33393,0.25711
-0.47831,-0.33393,0.25711
-0.47850,-0.33162,0.25816
-0.47850,-0.33162,0.25816
-0.47850,-0.33162,0.25816
-0.47850,-0.33162,0.25816
-0.47850,-0.33162,0.25816
-0.47874,-0.32930,0.25932
-0.47874,-0.32930,0.25932
-0.47874,-0.32930,0.25932
-0.47874,-0.32930,0.25932
-0.47874,-0.32930,0.25932
-0.47896,-0.32700,0.26050
-0.47896,-0.32700,0.26050
-0.47896,-0.32700,0.26050
-0.47896,-0.32700,0.26050
-0.47896,-0.32700,0.26050
-0.47910,-0.32473,0.26161
-0.47910,-0.32473,0.26161
-0.47910,-0.32473,0.26161
-0.47910,-0.32473,0.26161
-0.47910,-0.32473,0.26161
-0.47923,-0.32250,0.26269
-0.47923,-0.32250,0.26269
-0.47923,-0.32250,0.26269
-0.47923,-0.32250,0.26269
-0.47923,-0.32250,0.26269
-0.47937,-0.32026,0.26383
-0.47937,-0.32026,0.26383
-0.47937,-0.32026,0.26383
-0.47937,-0.32026,0.26383
-0.47937,-0.32026,0.26383
-0.47960,-0.31795,0.26510
-0.47960,-0.31795,0.26510
-0.47960,-0.31795,0.26510
-0.47960,-0.31795,0.26510
-0.47960,-0.31795,0.26510
-0.47982,-0.31561,0.26637
-0.47982,-0.31561,0.26637
-0.47982,-0.31561,0.26637
-0.47982,-0.31561,0.26637
-0.47982,-0.31561,0.26637
-0.47998,-0.31331,0.26755
-0.47998,-0.31331,0.26755
-0.47998,-0.31331,0.26755
-0.47998,-0.31331,0.26755
-0.47998,-0.31331,0.26755
-0.48010,-0.31111,0.26869
-0.48010,-0.31111,0.26869
-0.48010,-0.31111,0.26869
-0.48010,-0.31111,0.26869
-0.48010,-0.31111,0.26869
-0.48020,-0.30891,0.26990
-0.48020,-0.30891,0.26990
-0.48020,-0.30891,0.26990
-0.48020,-0.30891,0.26990
-0.48020,-0.30891,0.26990
-0.48038,-0.30668,0.27126
-0.48038,-0.30668,0.27126
-0.48038,-0.30668,0.27126
-0.48038,-0.30668,0.27126
-0.48038,-0.30668,0.27126
-0.48058,-0.30436,0.27259
-0.48058,-0.30436,0.27259
-0.48058,-0.30436,0.27259
-0.48058,-0.30436,0.27259
-0.48058,-0.30436,0.27259
-0.48074,-0.30205,0.27380
-0.48074,-0.30205,0.27380
-0.48074,-0.30205,0.27380
-0.48074,-0.30205,0.27380
-0.48074,-0.30205,0.27380
-0.48086,-0.29983,0.27502
-0.48086,-0.29983,0.27502
-0.48086,-0.29983,0.27502
-0.48086,-0.29983,0.27502
-0.48086,-0.29983,0.27502
-0.48096,-0.29766,0.27635
-0.48096,-0.29766,0.27635
-0.48096,-0.29766,0.27635
-0.48096,-0.29766,0.27635
-0.48096,-0.29766,0.27635
-0.48110,-0.29550,0.27778
-0.48110,-0.29550,0.27778
-0.48110,-0.29550,0.27778
-0.48110,-0.29550,0.27778
-0.48110,-0.29550,0.27778
-0.48127,-0.29324,0.27917
-0.48127,-0.29324,0.27917
-0.48127,-0.29324,0.27917
-0.48127,-0.29324,0.27917
-0.48127,-0.29324,0.27917
-0.48142,-0.29092,0.28043
-0.48142,-0.29092,0.28043
-0.48142,-0.29092,0.28043
-0.48142,-0.29092,0.28043
-0.48142,-0.29092,0.28043
-0.48153,-0.28866,0.28170
-0.48153,-0.28866,0.28170
-0.48153,-0.28866,0.28170
-0.48153,-0.28866,0.28170
-0.48153,-0.28866,0.28170
-0.48163,-0.28654,0.28314
-0.48163,-0.28654,0.28314
-0.48163,-0.28654,0.28314
-0.48163,-0.28654,0.28314
-0.48163,-0.28654,0.28314
-0.48170,-0.28444,0.28463
-0.48170,-0.28444,0.28463
-0.48170,-0.28444,0.28463
-0.48170,-0.28444,0.28463
-0.48170,-0.28444,0.28463
-0.48180,-0.28227,0.28602
-0.48180,-0.28227,0.28602
-0.48180,-0.28227,0.28602
-0.48180,-0.28227,0.28602
-0.48180,-0.28227,0.28602
-0.48194,-0.27999,0.28735
-0.48194,-0.27999,0.28735
-0.48194,-0.27999,0.28735
-0.48194,-0.27999,0.28735
-0.48194,-0.27999,0.28735
-0.48206,-0.27774,0.28876
-0.48206,-0.27774,0.28876
-0.48206,-0.27774,0.28876
-0.48206,-0.27774,0.28876
-0.48206,-0.27774,0.28876
-0.48217,-0.27558,0.29029
-0.48217,-0.27558,0.29029
-0.48217,-0.27558,0.29029
-0.48217,-0.27558,0.29029
-0.48217,-0.27558,0.29029
-0.48225,-0.27348,0.29182
-0.48225,-0.27348,0.29182
-0.48225,-0.27348,0.29182
-0.48225,-0.27348,0.29182
-0.48225,-0.27348,0.29182
-0.48232,-0.27137,0.29323
-0.48232,-0.27137,0.29323
-0.48232,-0.27137,0.29323
-0.48232,-0.27137,0.29323
-0.48232,-0.27137,0.29323
-0.48241,-0.26919,0.29464
-0.48241,-0.26919,0.29464
-0.48241,-0.26919,0.29464
-0.48241,-0.26919,0.29464
-0.48241,-0.26919,0.29464
-0.48253,-0.26697,0.29618
-0.48253,-0.26697,0.29618
-0.48253,-0.26697,0.29618
-0.48253,-0.26697,0.29618
-0.48253,-0.26697,0.29618
-0.48264,-0.26480,0.29779
-0.48264,-0.26480,0.29779
-0.48264,-0.26480,0.29779
-0.48264,-0.26480,0.29779
-0.48264,-0.26480,0.29779
-0.48267,-0.26269,0.29926
-0.48267,-0.26269,0.29926
-0.48267,-0.26269,0.29926
-0.48267,-0.26269,0.29926
-0.48267,-0.26269,0.29926
-0.48269,-0.26062,0.30069
-0.48269,-0.26062,0.30069
-0.48269,-0.26062,0.30069
-0.48269,-0.26062,0.30069
-0.48269,-0.26062,0.30069
-0.48274,-0.25853,0.30225
-0.48274,-0.25853,0.30225
-0.48274,-0.25853,0.30225
-0.48274,-0.25853,0.30225
-0.48274,-0.25853,0.30225
-0.48283,-0.25638,0.30390
-0.48283,-0.25638,0.30390
-0.48283,-0.25638,0.30390
-0.48283,-0.25638,0.30390
-0.48283,-0.25638,0.30390
-0.48293,-0.25420,0.30549
-0.48293,-0.25420,0.30549
-0.48293,-0.25420,0.30549
-0.48293,-0.25420,0.30549
-0.48293,-0.25420,0.30549
-0.48297,-0.25207,0.30696
-0.48297,-0.25207,0.30696
-0.48297,-0.25207,0.30696
-0.48297,-0.25207,0.30696
-0.48297,-0.25207,0.30696
-0.48295,-0.25001,0.30845
-0.48295,-0.25001,0.30845
-0.48295,-0.25001,0.30845
-0.48295,-0.25001,0.30845
-0.48295,-0.25001,0.30845
-0.48297,-0.24799,0.31013
-0.48297,-0.24799,0.31013
-0.48297,-0.24799,0.31013
-0.48297,-0.24799,0.31013
-0.48297,-0.24799,0.31013
-0.48300,-0.24594,0.31182
-0.48300,-0.24594,0.31182
-0.48300,-0.24594,0.31182
-0.48300,-0.24594,0.31182
-0.48300,-0.24594,0.31182
-0.48308,-0.24380,0.31336
-0.48308,-0.24380,0.31336
-0.48308,-0.24380,0.31336
-0.48308,-0.24380,0.31336
-0.48308,-0.24380,0.31336
-0.48314,-0.24165,0.31490
-0.48314,-0.24165,0.31490
-0.48314,-0.24165,0.31490
-0.48314,-0.24165,0.31490
-0.48314,-0.24165,0.31490
-0.48316,-0.23958,0.31656
-0.48316,-0.23958,0.31656
-0.48316,-0.23958,0.31656
-0.48316,-0.23958,0.31656
-0.48316,-0.23958,0.31656
-0.48314,-0.23761,0.31830
-0.48314,-0.23761,0.31830
-0.48314,-0.23761,0.31830
-0.48314,-0.23761,0.31830
-0.48314,-0.23761,0.31830
-0.48309,-0.23559,0.31986
-0.48309,-0.23559,0.31986
-0.48309,-0.23559,0.31986
-0.48309,-0.23559,0.31986
-0.48309,-0.23559,0.31986
-0.48309,-0.23350,0.32138
-0.48309,-0.23350,0.32138
-0.48309,-0.23350,0.32138
-0.48309,-0.23350,0.32138
-0.48309,-0.23350,0.32138
-0.48314,-0.23137,0.32304
-0.48314,-0.23137,0.32304
-0.48314,-0.23137,0.32304
-0.48314,-0.23137,0.32304
-0.48314,-0.23137,0.32304
-0.48316,-0.22930,0.32479
-0.48316,-0.22930,0.32479
-0.48316,-0.22930,0.32479
-0.48316,-0.22930,0.32479
-0.48316,-0.22930,0.32479
-0.48316,-0.22729,0.32646
-0.48316,-0.22729,0.32646
-0.48316,-0.22729,0.32646
-0.48316,-0.22729,0.32646
-0.48316,-0.22729,0.32646
-0.48314,-0.22530,0.32803
-0.48314,-0.22530,0.32803
-0.48314,-0.22530,0.32803
-0.48314,-0.22530,0.32803
-0.48314,-0.22530,0.32803
-0.48309,-0.22328,0.32962
-0.48309,-0.22328,0.32962
-0.48309,-0.22328,0.32962
-0.48309,-0.22328,0.32962
-0.48309,-0.22328,0.32962
-0.48307,-0.22121,0.33134
-0.48307,-0.22121,0.33134
-0.48307,-0.22121,0.33134
-0.48307,-0.22121,0.33134
-0.48307,-0.22121,0.33134
-0.48306,-0.21912,0.33308
-0.48306,-0.21912,0.33308
-0.48306,-0.21912,0.33308
-0.48306,-0.21912,0.33308
-0.48306,-0.21912,0.33308
-0.48299,-0.21702,0.33466
-0.48299,-0.21702,0.33466
-0.48299,-0.21702,0.33466
-0.48299,-0.21702,0.33466
-0.48299,-0.21702,0.33466
-0.48288,-0.21499,0.33625
-0.48288,-0.21499,0.33625
-0.48288,-0.21499,0.33625
-0.48288,-0.21499,0.33625
-0.48288,-0.21499,0.33625
-0.48276,-0.21299,0.33797
-0.48276,-0.21299,0.33797
-0.48276,-0.21299,0.33797
-0.48276,-0.21299,0.33797
-0.48276,-0.21299,0.33797
-0.48264,-0.21095,0.33976
-0.48264,-0.21095,0.33976
-0.48264,-0.21095,0.33976
-0.48264,-0.21095,0.33976
-0.48264,-0.21095,0.33976
-0.48260,-0.20882,0.34147
-0.48260,-0.20882,0.34147
-0.48260,-0.20882,0.34147
-0.48260,-0.20882,0.34147
-0.48260,-0.20882,0.34147
-0.48250,-0.20669,0.34308
-0.48250,-0.20669,0.34308
-0.48250,-0.20669,0.34308
-0.48250,-0.20669,0.34308
-0.48250,-0.20669,0.34308
-0.48242,-0.20464,0.34482
-0.48242,-0.20464,0.34482
-0.48242,-0.20464,0.34482
-0.48242,-0.20464,0.34482
-0.48242,-0.20464,0.34482
-0.48232,-0.20267,0.34667
-0.48232,-0.20267,0.34667
-0.48232,-0.20267,0.34667
-0.48232,-0.20267,0.34667
-0.48232,-0.20267,0.34667
-0.48226,-0.20070,0.34845
-0.48226,-0.20070,0.34845
-0.48226,-0.20070,0.34845
-0.48226,-0.20070,0.34845
-0.48226,-0.20070,0.34845
-0.48229,-0.19866,0.35018
-0.48229,-0.19866,0.35018
-0.48229,-0.19866,0.35018
-0.48229,-0.19866,0.35018
-0.48229,-0.19866,0.35018
-0.48235,-0.19655,0.35192
-0.48235,-0.19655,0.35192
-0.48235,-0.19655,0.35192
-0.48235,-0.19655,0.35192
-0.48235,-0.19655,0.35192
-0.48239,-0.19450,0.35379
-0.48239,-0.19450,0.35379
-0.48239,-0.19450,0.35379
-0.48239,-0.19450,0.35379
-0.48239,-0.19450,0.35379
-0.48245,-0.19254,0.35571
-0.48245,-0.19254,0.35571
-0.48245,-0.19254,0.35571
-0.48245,-0.19254,0.35571
-0.48245,-0.19254,0.35571
-0.48247,-0.19060,0.35749
-0.48247,-0.19060,0.35749
-0.48247,-0.19060,0.35749
-0.48247,-0.19060,0.35749
-0.48247,-0.19060,0.35749
-0.48248,-0.18861,0.35919
-0.48248,-0.18861,0.35919
-0.48248,-0.18861,0.35919
-0.48248,-0.18861,0.35919
-0.48248,-0.18861,0.35919
-0.48252,-0.18650,0.36098
-0.48252,-0.18650,0.36098
-0.48252,-0.18650,0.36098
-0.48252,-0.18650,0.36098
-0.48252,-0.18650,0.36098
-0.48253,-0.18440,0.36280
-0.48253,-0.18440,0.36280
-0.48253,-0.18440,0.36280
-0.48253,-0.18440,0.36280
-0.48253,-0.18440,0.36280
-0.48251,-0.18233,0.36460
-0.48251,-0.18233,0.36460
-0.48251,-0.18233,0.36460
-0.48251,-0.18233,0.36460
-0.48251,-0.18233,0.36460
-0.48245,-0.18031,0.36629
-0.48245,-0.18031,0.36629
-0.48245,-0.18031,0.36629
-0.48245,-0.18031,0.36629
-0.48245,-0.18031,0.36629
-0.48238,-0.17829,0.36791
-0.48238,-0.17829,0.36791
-0.48238,-0.17829,0.36791
-0.48238,-0.17829,0.36791
-0.48238,-0.17829,0.36791
-0.48236,-0.17619,0.36962
-0.48236,-0.17619,0.36962
-0.48236,-0.17619,0.36962
-0.48236,-0.17619,0.36962
-0.48236,-0.17619,0.36962
-0.48237,-0.17404,0.37138
-0.48237,-0.17404,0.37138
-0.48237,-0.17404,0.37138
-0.48237,-0.17404,0.37138
-0.48237,-0.17404,0.37138
-0.48237,-0.17193,0.37312
-0.48237,-0.17193,0.37312
-0.48237,-0.17193,0.37312
-0.48237,-0.17193,0.37312
-0.48237,-0.17193,0.37312
-0.48237,-0.16989,0.37479
-0.48237,-0.16989,0.37479
-0.48237,-0.16989,0.37479
-0.48237,-0.16989,0.37479
-0.48237,-0.16989,0.37479
-0.48239,-0.16788,0.37644
-0.48239,-0.16788,0.37644
-0.48239,-0.16788,0.37644
-0.48239,-0.16788,0.37644
-0.48239,-0.16788,0.37644
-0.48246,-0.16583,0.37815
-0.48246,-0.16583,0.37815
-0.48246,-0.16583,0.37815
-0.48246,-0.16583,0.37815
-0.48246,-0.16583,0.37815
-0.48258,-0.16366,0.37990
-0.48258,-0.16366,0.37990
-0.48258,-0.16366,0.37990
-0.48258,-0.16366,0.37990
-0.48258,-0.16366,0.37990
-0.48269,-0.16153,0.38166
-0.48269,-0.16153,0.38166
-0.48269,-0.16153,0.38166
-0.48269,-0.16153,0.38166
-0.48269,-0.16153,0.38166
-0.48277,-0.15946,0.38333
-0.48277,-0.15946,0.38333
-0.48277,-0.15946,0.38333
-0.48277,-0.15946,0.38333
-0.48277,-0.15946,0.38333
-0.48281,-0.15742,0.38493
-0.48281,-0.15742,0.38493
-0.48281,-0.15742,0.38493
-0.48281,-0.15742,0.38493
-0.48281,-0.15742,0.38493
-0.48288,-0.15531,0.38655
-0.48288,-0.15531,0.38655
-0.48288,-0.15531,0.38655
-0.48288,-0.15531,0.38655
-0.48288,-0.15531,0.38655
-0.48298,-0.15308,0.38819
-0.48298,-0.15308,0.38819
-0.48298,-0.15308,0.38819
-0.48298,-0.15308,0.38819
-0.48298,-0.15308,0.38819
-0.48306,-0.15087,0.38985
-0.48306,-0.15087,0.38985
-0.48306,-0.15087,0.38985
-0.48306,-0.15087,0.38985
-0.48306,-0.15087,0.38985
-0.48309,-0.14873,0.39147
-0.48309,-0.14873,0.39147
-0.48309,-0.14873,0.39147
-0.48309,-0.14873,0.39147
-0.48309,-0.14873,0.39147
-0.48312,-0.14663,0.39301
-0.48312,-0.14663,0.39301
-0.48312,-0.14663,0.39301
-0.48312,-0.14663,0.39301
-0.48312,-0.14663,0.39301
-0.48316,-0.14446,0.39451
-0.48316,-0.14446,0.39451
-0.48316,-0.14446,0.39451
-0.48316,-0.14446,0.39451
-0.48316,-0.14446,0.39451
-0.48324,-0.14216,0.39604
-0.48324,-0.14216,0.39604
-0.48324,-0.14216,0.39604
-0.48324,-0.14216,0.39604
-0.48324,-0.14216,0.39604
-0.48332,-0.13989,0.39757
-0.48332,-0.13989,0.39757
-0.48332,-0.13989,0.39757
-0.48332,-0.13989,0.39757
-0.48332,-0.13989,0.39757
-0.48339,-0.13771,0.39914
-0.48339,-0.13771,0.39914
-0.48339,-0.13771,0.39914
-0.48339,-0.13771,0.39914
-0.48339,-0.13771,0.39914
-0.48346,-0.13555,0.40068
-0.48346,-0.13555,0.40068
-0.48346,-0.13555,0.40068
-0.48346,-0.13555,0.40068
-0.48346,-0.13555,0.40068
-0.48357,-0.13330,0.40214
-0.48357,-0.13330,0.40214
-0.48357,-0.13330,0.40214
-0.48357,-0.13330,0.40214
-0.48357,-0.13330,0.40214
-0.48372,-0.13095,0.40357
-0.48372,-0.13095,0.40357
-0.48372,-0.13095,0.40357
-0.48372,-0.13095,0.40357
-0.48372,-0.13095,0.40357
-0.48385,-0.12865,0.40501
-0.48385,-0.12865,0.40501
-0.48385,-0.12865,0.40501
-0.48385,-0.12865,0.40501
-0.48385,-0.12865,0.40501
-0.48395,-0.12643,0.40642
-0.48395,-0.12643,0.40642
-0.48395,-0.12643,0.40642
-0.48395,-0.12643,0.40642
-0.48395,-0.12643,0.40642
-0.48404,-0.12420,0.40781
-0.48404,-0.12420,0.40781
-0.48404,-0.12420,0.40781
-0.48404,-0.12420,0.40781
-0.48404,-0.12420,0.40781
-0.48414,-0.12184,0.40923
-0.48414,-0.12184,0.40923
-0.48414,-0.12184,0.40923
-0.48414,-0.12184,0.40923
-0.48414,-0.12184,0.40923
-0.48426,-0.11941,0.41058
-0.48426,-0.11941,0.41058
-0.48426,-0.11941,0.41058
-0.48426,-0.11941,0.41058
-0.48426,-0.11941,0.41058
-0.48434,-0.11706,0.41187
-0.48434,-0.11706,0.41187
-0.48434,-0.11706,0.41187
-0.48434,-0.11706,0.41187
-0.48434,-0.11706,0.41187
-0.48442,-0.11476,0.41314
-0.48442,-0.11476,0.41314
-0.48442,-0.11476,0.41314
-0.48442,-0.11476,0.41314
-0.48442,-0.11476,0.41314
-0.48450,-0.11239,0.41438
-0.48450,-0.11239,0.41438
-0.48450,-0.11239,0.41438
-0.48450,-0.11239,0.41438
-0.48450,-0.11239,0.41438
-0.48458,-0.10995,0.41558
-0.48458,-0.10995,0.41558
-0.48458,-0.10995,0.41558
-0.48458,-0.10995,0.41558
-0.48458,-0.10995,0.41558
-0.48466,-0.10751,0.41678
-0.48466,-0.10751,0.41678
-0.48466,-0.10751,0.41678
-0.48466,-0.10751,0.41678
-0.48466,-0.10751,0.41678
-0.48471,-0.10512,0.41801
-0.48471,-0.10512,0.41801
-0.48471,-0.10512,0.41801
-0.48471,-0.10512,0.41801
-0.48471,-0.10512,0.41801
-0.48476,-0.10268,0.41922
-0.48476,-0.10268,0.41922
-0.48476,-0.10268,0.41922
-0.48476,-0.10268,0.41922
-0.48476,-0.10268,0.41922
-0.48485,-0.10021,0.42035
-0.48485,-0.10021,0.42035
-0.48485,-0.10021,0.42035
-0.48485,-0.10021,0.42035
-0.48485,-0.10021,0.42035
-0.48494,-0.09773,0.42141
-0.48494,-0.09773,0.42141
-0.48494,-0.09773,0.42141
-0.48494,-0.09773,0.42141
-0.48494,-0.09773,0.42141
-0.48503,-0.09527,0.42248
-0.48503,-0.09527,0.42248
-0.48503,-0.09527,0.42248
-0.48503,-0.09527,0.42248
-0.48503,-0.09527,0.42248
-0.48513,-0.09276,0.42351
-0.48513,-0.09276,0.42351
-0.48513,-0.09276,0.42351
-0.48513,-0.09276,0.42351
-0.48513,-0.09276,0.42351
-0.48523,-0.09023,0.42450
-0.48523,-0.09023,0.42450
-0.48523,-0.09023,0.42450
-0.48523,-0.09023,0.42450
-0.48523,-0.09023,0.42450
-0.48531,-0.08769,0.42548
-0.48531,-0.08769,0.42548
-0.48531,-0.08769,0.42548
-0.48531,-0.08769,0.42548
-0.48531,-0.08769,0.42548
-0.48539,-0.08517,0.42647
-0.48539,-0.08517,0.42647
-0.48539,-0.08517,0.42647
-0.48539,-0.08517,0.42647
-0.48539,-0.08517,0.42647
-0.48545,-0.08261,0.42744
-0.48545,-0.08261,0.42744
-0.48545,-0.08261,0.42744
-0.48545,-0.08261,0.42744
-0.48545,-0.08261,0.42744
-0.48552,-0.08001,0.42838
-0.48552,-0.08001,0.42838
-0.48552,-0.08001,0.42838
-0.48552,-0.08001,0.42838
-0.48552,-0.08001,0.42838
-0.48558,-0.07742,0.42924
-0.48558,-0.07742,0.42924
-0.48558,-0.07742,0.42924
-0.48558,-0.07742,0.42924
-0.48558,-0.07742,0.42924
-0.48564,-0.07485,0.43008
-0.48564,-0.07485,0.43008
-0.48564,-0.07485,0.43008
-0.48564,-0.07485,0.43008
-0.48564,-0.07485,0.43008
-0.48570,-0.07223,0.43088
-0.48570,-0.07223,0.43088
-0.48570,-0.07223,0.43088
-0.48570,-0.07223,0.43088
-0.48570,-0.07223,0.43088
-0.48577,-0.06958,0.43166
-0.48577,-0.06958,0.43166
-0.48577,-0.06958,0.43166
-0.48577,-0.06958,0.43166
-0.48577,-0.06958,0.43166
-0.48585,-0.06696,0.43237
-0.48585,-0.06696,0.43237
-0.48585,-0.06696,0.43237
-0.48585,-0.06696,0.43237
-0.48585,-0.06696,0.43237
-0.48590,-0.06434,0.43307
-0.48590,-0.06434,0.43307
-0.48590,-0.06434,0.43307
-0.48590,-0.06434,0.43307
-0.48590,-0.06434,0.43307
-0.48597,-0.06168,0.43377
-0.48597,-0.06168,0.43377
-0.48597,-0.06168,0.43377
-0.48597,-0.06168,0.43377
-0.48597,-0.06168,0.43377
-0.48604,-0.05900,0.43439
-0.48604,-0.05900,0.43439
-0.48604,-0.05900,0.43439
-0.48604,-0.05900,0.43439
-0.48604,-0.05900,0.43439
-0.48607,-0.05635,0.43500
-0.48607,-0.05635,0.43500
-0.48607,-0.05635,0.43500
-0.48607,-0.05635,0.43500
-0.48607,-0.05635,0.43500
-0.48612,-0.05368,0.43561
-0.48612,-0.05368,0.43561
-0.48612,-0.05368,0.43561
-0.48612,-0.05368,0.43561
-0.48612,-0.05368,0.43561
-0.48616,-0.05098,0.43616
-0.48616,-0.05098,0.43616
-0.48616,-0.05098,0.43616
-0.48616,-0.05098,0.43616
-0.48616,-0.05098,0.43616
-0.48619,-0.04827,0.43667
-0.48619,-0.04827,0.43667
-0.48619,-0.04827,0.43667
-0.48619,-0.04827,0.43667
-0.48619,-0.04827,0.43667
-0.48623,-0.04561,0.43719
-0.48623,-0.04561,0.43719
-0.48623,-0.04561,0.43719
-0.48623,-0.04561,0.43719
-0.48623,-0.04561,0.43719
-0.48629,-0.04291,0.43766
-0.48629,-0.04291,0.43766
-0.48629,-0.04291,0.43766
-0.48629,-0.04291,0.43766
-0.48629,-0.04291,0.43766
-0.48634,-0.04017,0.43807
-0.48634,-0.04017,0.43807
-0.48634,-0.04017,0.43807
-0.48634,-0.04017,0.43807
-0.48634,-0.04017,0.43807
-0.48639,-0.03743,0.43845
-0.48639,-0.03743,0.43845
-0.48639,-0.03743,0.43845
-0.48639,-0.03743,0.43845
-0.48639,-0.03743,0.43845
-0.48646,-0.03472,0.43880
-0.48646,-0.03472,0.43880
-0.48646,-0.03472,0.43880
-0.48646,-0.03472,0.43880
-0.48646,-0.03472,0.43880
-0.48656,-0.03199,0.43910
-0.48656,-0.03199,0.43910
-0.48656,-0.03199,0.43910
-0.48656,-0.03199,0.43910
-0.48656,-0.03199,0.43910
-0.48667,-0.02924,0.43936
-0.48667,-0.02924,0.43936
-0.48667,-0.02924,0.43936
-0.48667,-0.02924,0.43936
-0.48667,-0.02924,0.43936
-0.48676,-0.02650,0.43959
-0.48676,-0.02650,0.43959
-0.48676,-0.02650,0.43959
-0.48676,-0.02650,0.43959
-0.48676,-0.02650,0.43959
-0.48685,-0.02375,0.43978
-0.48685,-0.02375,0.43978
-0.48685,-0.02375,0.43978
-0.48685,-0.02375,0.43978
-0.48685,-0.02375,0.43978
-0.48694,-0.02097,0.43993
-0.48694,-0.02097,0.43993
-0.48694,-0.02097,0.43993
-0.48694,-0.02097,0.43993
-0.48694,-0.02097,0.43993
-0.48703,-0.01820,0.44004
-0.48703,-0.01820,0.44004
-0.48703,-0.01820,0.44004
-0.48703,-0.01820,0.44004
-0.48703,-0.01820,0.44004
-0.48710,-0.01541,0.44011
-0.48710,-0.01541,0.44011
-0.48710,-0.01541,0.44011
-0.48710,-0.01541,0.44011
-0.48710,-0.01541,0.44011
-0.48717,-0.01263,0.44014
-0.48717,-0.01263,0.44014
-0.48717,-0.01263,0.44014
-0.48717,-0.01263,0.44014
-0.48717,-0.01263,0.44014
-0.48724,-0.00984,0.44014
-0.48724,-0.00984,0.44014
-0.48724,-0.00984,0.44014
-0.48724,-0.00984,0.44014
-0.48724,-0.00984,0.44014
-0.48729,-0.00706,0.44012
-0.48729,-0.00706,0.44012
-0.48729,-0.00706,0.44012
-0.48729,-0.00706,0.44012
-0.48729,-0.00706,0.44012
-0.48733,-0.00426,0.44010
-0.48733,-0.00426,0.44010
-0.48733,-0.00426,0.44010
-0.48733,-0.00426,0.44010
-0.48733,-0.00426,0.44010
-0.48736,-0.00145,0.44006
-0.48736,-0.00145,0.44006
-0.48736,-0.00145,0.44006
-0.48736,-0.00145,0.44006
-0.48736,-0.00145,0.44006
-0.48737,0.00135,0.44001
-0.48737,0.00135,0.44001
-0.48737,0.00135,0.44001
-0.48737,0.00135,0.44001
-0.48737,0.00135,0.44001
-0.48737,0.00415,0.43996
-0.48737,0.00415,0.43996
-0.48737,0.00415,0.43996
-0.48737,0.00415,0.43996
-0.48737,0.00415,0.43996
-0.48735,0.00696,0.43991
-0.48735,0.00696,0.43991
-0.48735,0.00696,0.43991
-0.48735,0.00696,0.43991
-0.48735,0.00696,0.43991
-0.48732,0.00976,0.43984
-0.48732,0.00976,0.43984
-0.48732,0.00976,0.43984
-0.48732,0.00976,0.43984
-0.48732,0.00976,0.43984
-0.48728,0.01255,0.43977
-0.48728,0.01255,0.43977
-0.48728,0.01255,0.43977
-0.48728,0.01255,0.43977
-0.48728,0.01255,0.43977
-0.48721,0.01535,0.43970
-0.48721,0.01535,0.43970
-0.48721,0.01535,0.43970
-0.48721,0.01535,0.43970
-0.48721,0.01535,0.43970
-0.48714,0.01816,0.43960
-0.48714,0.01816,0.43960
-0.48714,0.01816,0.43960
-0.48714,0.01816,0.43960
-0.48714,0.01816,0.43960
-0.48706,0.02095,0.43948
-0.48706,0.02095,0.43948
-0.48706,0.02095,0.43948
-0.48706,0.02095,0.43948
-0.48706,0.02095,0.43948
-0.48696,0.02373,0.43934
-0.48696,0.02373,0.43934
-0.48696,0.02373,0.43934
-0.48696,0.02373,0.43934
-0.48696,0.02373,0.43934
-0.48686,0.02652,0.43919
-0.48686,0.02652,0.43919
-0.48686,0.02652,0.43919
-0.48686,0.02652,0.43919
-0.48686,0.02652,0.43919
-0.48674,0.02931,0.43899
-0.48674,0.02931,0.43899
-0.48674,0.02931,0.43899
-0.48674,0.02931,0.43899
-0.48674,0.02931,0.43899
-0.48661,0.03207,0.43876
-0.48661,0.03207,0.43876
-0.48661,0.03207,0.43876
-0.48661,0.03207,0.43876
-0.48661,0.03207,0.43876
-0.48647,0.03484,0.43851
-0.48647,0.03484,0.43851
-0.48647,0.03484,0.43851
-0.48647,0.03484,0.43851
-0.48647,0.03484,0.43851
-0.48632,0.03760,0.43823
-0.48632,0.03760,0.43823
-0.48632,0.03760,0.43823
-0.48632,0.03760,0.43823
-0.48632,0.03760,0.43823
-0.48618,0.04034,0.43790
-0.48618,0.04034,0.43790
-0.48618,0.04034,0.43790
-0.48618,0.04034,0.43790
-0.48618,0.04034,0.43790
-0.48601,0.04308,0.43755
-0.48601,0.04308,0.43755
-0.48601,0.04308,0.43755
-0.48601,0.04308,0.43755
-0.48601,0.04308,0.43755
-0.48585,0.04582,0.43717
-0.48585,0.04582,0.43717
-0.48585,0.04582,0.43717
-0.48585,0.04582,0.43717
-0.48585,0.04582,0.43717
-0.48568,0.04854,0.43674
-0.48568,0.04854,0.43674
-0.48568,0.04854,0.43674
-0.48568,0.04854,0.43674
-0.48568,0.04854,0.43674
-0.48551,0.05124,0.43627
-0.48551,0.05124,0.43627
-0.48551,0.05124,0.43627
-0.48551,0.05124,0.43627
-0.48551,0.05124,0.43627
-0.48534,0.05395,0.43578
-0.48534,0.05395,0.43578
-0.48534,0.05395,0.43578
-0.48534,0.05395,0.43578
-0.48534,0.05395,0.43578
-0.48516,0.05665,0.43528
-0.48516,0.05665,0.43528
-0.48516,0.05665,0.43528
-0.48516,0.05665,0.43528
-0.48516,0.05665,0.43528
-0.48498,0.05932,0.43474
-0.48498,0.05932,0.43474
-0.48498,0.05932,0.43474
-0.48498,0.05932,0.43474
-0.48498,0.05932,0.43474
-0.48479,0.06199,0.43418
-0.48479,0.06199,0.43418
-0.48479,0.06199,0.43418
-0.48479,0.06199,0.43418
-0.48479,0.06199,0.43418
-0.48460,0.06466,0.43360
-0.48460,0.06466,0.43360
-0.48460,0.06466,0.43360
-0.48460,0.06466,0.43360
-0.48460,0.06466,0.43360
-0.48440,0.06730,0.43299
-0.48440,0.06730,0.43299
-0.48440,0.06730,0.43299
-0.48440,0.06730,0.43299
-0.48440,0.06730,0.43299
-0.48420,0.06990,0.43233
-0.48420,0.06990,0.43233
-0.48420,0.06990,0.43233
-0.48420,0.06990,0.43233
-0.48420,0.06990,0.43233
-0.48399,0.07252,0.43165
-0.48399,0.07252,0.43165
-0.48399,0.07252,0.43165
-0.48399,0.07252,0.43165
-0.48399,0.07252,0.43165
-0.48377,0.07513,0.43096
-0.48377,0.07513,0.43096
-0.48377,0.07513,0.43096
-0.48377,0.07513,0.43096
-0.48377,0.07513,0.43096
-0.48356,0.07770,0.43020
-0.48356,0.07770,0.43020
-0.48356,0.07770,0.43020
-0.48356,0.07770,0.43020
-0.48356,0.07770,0.43020
-0.48334,0.08026,0.42942
-0.48334,0.08026,0.42942
-0.48334,0.08026,0.42942
-0.48334,0.08026,0.42942
-0.48334,0.08026,0.42942
-0.48311,0.08282,0.42862
-0.48311,0.08282,0.42862
-0.48311,0.08282,0.42862
-0.48311,0.08282,0.42862
-0.48311,0.08282,0.42862
-0.48289,0.08536,0.42774
-0.48289,0.08536,0.42774
-0.48289,0.08536,0.42774
-0.48289,0.08536,0.42774
-0.48289,0.08536,0.42774
-0.48267,0.08784,0.42684
-0.48267,0.08784,0.42684
-0.48267,0.08784,0.42684
-0.48267,0.08784,0.42684
-0.48267,0.08784,0.42684
-0.48246,0.09034,0.42590
-0.48246,0.09034,0.42590
-0.48246,0.09034,0.42590
-0.48246,0.09034,0.42590
-0.48246,0.09034,0.42590
-0.48224,0.09286,0.42496
-0.48224,0.09286,0.42496
-0.48224,0.09286,0.42496
-0.48224,0.09286,0.42496
-0.48224,0.09286,0.42496
-0.48202,0.09533,0.42399
-0.48202,0.09533,0.42399
-0.48202,0.09533,0.42399
-0.48202,0.09533,0.42399
-0.48202,0.09533,0.42399
-0.48181,0.09775,0.42303
-0.48181,0.09775,0.42303
-0.48181,0.09775,0.42303
-0.48181,0.09775,0.42303
-0.48181,0.09775,0.42303
-0.48164,0.10019,0.42204
-0.48164,0.10019,0.42204
-0.48164,0.10019,0.42204
-0.48164,0.10019,0.42204
-0.48164,0.10019,0.42204
-0.48150,0.10265,0.42102
-0.48150,0.10265,0.42102
-0.48150,0.10265,0.42102
-0.48150,0.10265,0.42102
-0.48150,0.10265,0.42102
-0.48137,0.10506,0.41995
-0.48137,0.10506,0.41995
-0.48137,0.10506,0.41995
-0.48137,0.10506,0.41995
-0.48137,0.10506,0.41995
-0.48126,0.10743,0.41885
-0.48126,0.10743,0.41885
-0.48126,0.10743,0.41885
-0.48126,0.10743,0.41885
-0.48126,0.10743,0.41885
-0.48113,0.10983,0.41770
-0.48113,0.10983,0.41770
-0.48113,0.10983,0.41770
-0.48113,0.10983,0.41770
-0.48113,0.10983,0.41770
-0.48100,0.11223,0.41650
-0.48100,0.11223,0.41650
-0.48100,0.11223,0.41650
-0.48100,0.11223,0.41650
-0.48100,0.11223,0.41650
-0.48085,0.11458,0.41527
-0.48085,0.11458,0.41527
-0.48085,0.11458,0.41527
-0.48085,0.11458,0.41527
-0.48085,0.11458,0.41527
-0.48070,0.11688,0.41408
-0.48070,0.11688,0.41408
-0.48070,0.11688,0.41408
-0.48070,0.11688,0.41408
-0.48070,0.11688,0.41408
-0.48050,0.11921,0.41289
-0.48050,0.11921,0.41289
-0.48050,0.11921,0.41289
-0.48050,0.11921,0.41289
-0.48050,0.11921,0.41289
-0.48032,0.12156,0.41164
-0.48032,0.12156,0.41164
-0.48032,0.12156,0.41164
-0.48032,0.12156,0.41164
-0.48032,0.12156,0.41164
-0.48014,0.12386,0.41036
-0.48014,0.12386,0.41036
-0.48014,0.12386,0.41036
-0.48014,0.12386,0.41036
-0.48014,0.12386,0.41036
-0.47997,0.12610,0.40907
-0.47997,0.12610,0.40907
-0.47997,0.12610,0.40907
-0.47997,0.12610,0.40907
-0.47997,0.12610,0.40907
-0.47980,0.12838,0.40773
-0.47980,0.12838,0.40773
-0.47980,0.12838,0.40773
-0.47980,0.12838,0.40773
-0.47980,0.12838,0.40773
-0.47963,0.13069,0.40632
-0.47963,0.13069,0.40632
-0.47963,0.13069,0.40632
-0.47963,0.13069,0.40632
-0.47963,0.13069,0.40632
-0.47946,0.13296,0.40493
-0.47946,0.13296,0.40493
-0.47946,0.13296,0.40493
-0.47946,0.13296,0.40493
-0.47946,0.13296,0.40493
-0.47928,0.13518,0.40362
-0.47928,0.13518,0.40362
-0.47928,0.13518,0.40362
-0.47928,0.13518,0.40362
-0.47928,0.13518,0.40362
-0.47909,0.13739,0.40227
-0.47909,0.13739,0.40227
-0.47909,0.13739,0.40227
-0.47909,0.13739,0.40227
-0.47909,0.13739,0.40227
-0.47891,0.13965,0.40089
-0.47891,0.13965,0.40089
-0.47891,0.13965,0.40089
-0.47891,0.13965,0.40089
-0.47891,0.13965,0.40089
-0.47873,0.14188,0.39948
-0.47873,0.14188,0.39948
-0.47873,0.14188,0.39948
-0.47873,0.14188,0.39948
-0.47873,0.14188,0.39948
-0.47855,0.14408,0.39803
-0.47855,0.14408,0.39803
-0.47855,0.14408,0.39803
-0.47855,0.14408,0.39803
-0.47855,0.14408,0.39803
-0.47840,0.14624,0.39653
-0.47840,0.14624,0.39653
-0.47840,0.14624,0.39653
-0.47840,0.14624,0.39653
-0.47840,0.14624,0.39653
-0.47823,0.14845,0.39505
-0.47823,0.14845,0.39505
-0.47823,0.14845,0.39505
-0.47823,0.14845,0.39505
-0.47823,0.14845,0.39505
-0.47803,0.15065,0.39363
-0.47803,0.15065,0.39363
-0.47803,0.15065,0.39363
-0.47803,0.15065,0.39363
-0.47803,0.15065,0.39363
-0.47783,0.15282,0.39219
-0.47783,0.15282,0.39219
-0.47783,0.15282,0.39219
-0.47783,0.15282,0.39219
-0.47783,0.15282,0.39219
-0.47762,0.15495,0.39071
-0.47762,0.15495,0.39071
-0.47762,0.15495,0.39071
-0.47762,0.15495,0.39071
-0.47762,0.15495,0.39071
-0.47741,0.15706,0.38920
-0.47741,0.15706,0.38920
-0.47741,0.15706,0.38920
-0.47741,0.15706,0.38920
-0.47741,0.15706,0.38920
-0.47720,0.15921,0.38767
-0.47720,0.15921,0.38767
-0.47720,0.15921,0.38767
-0.47720,0.15921,0.38767
-0.47720,0.15921,0.38767
-0.47700,0.16136,0.38606
-0.47700,0.16136,0.38606
-0.47700,0.16136,0.38606
-0.47700,0.16136,0.38606
-0.47700,0.16136,0.38606
-0.47679,0.16346,0.38452
-0.47679,0.16346,0.38452
-0.47679,0.16346,0.38452
-0.47679,0.16346,0.38452
-0.47679,0.16346,0.38452
-0.47658,0.16553,0.38304
-0.47658,0.16553,0.38304
-0.47658,0.16553,0.38304
-0.47658,0.16553,0.38304
-0.47658,0.16553,0.38304
-0.47636,0.16760,0.38153
-0.47636,0.16760,0.38153
-0.47636,0.16760,0.38153
-0.47636,0.16760,0.38153
-0.47636,0.16760,0.38153
-0.47612,0.16973,0.37997
-0.47612,0.16973,0.37997
-0.47612,0.16973,0.37997
-0.47612,0.16973,0.37997
-0.47612,0.16973,0.37997
-0.47588,0.17184,0.37837
-0.47588,0.17184,0.37837
-0.47588,0.17184,0.37837
-0.47588,0.17184,0.37837
-0.47588,0.17184,0.37837
-0.47566,0.17389,0.37673
-0.47566,0.17389,0.37673
-0.47566,0.17389,0.37673
-0.47566,0.17389,0.37673
-0.47566,0.17389,0.37673
-0.47548,0.17589,0.37514
-0.47548,0.17589,0.37514
-0.47548,0.17589,0.37514
-0.47548,0.17589,0.37514
-0.47548,0.17589,0.37514
-0.47528,0.17793,0.37361
-0.47528,0.17793,0.37361
-0.47528,0.17793,0.37361
-0.47528,0.17793,0.37361
-0.47528,0.17793,0.37361
-0.47505,0.18004,0.37206
-0.47505,0.18004,0.37206
-0.47505,0.18004,0.37206
-0.47505,0.18004,0.37206
-0.47505,0.18004,0.37206
-0.47481,0.18210,0.37045
-0.47481,0.18210,0.37045
-0.47481,0.18210,0.37045
-0.47481,0.18210,0.37045
-0.47481,0.18210,0.37045
-0.47458,0.18409,0.36883
-0.47458,0.18409,0.36883
-0.47458,0.18409,0.36883
-0.47458,0.18409,0.36883
-0.47458,0.18409,0.36883
-0.47437,0.18604,0.36717
-0.47437,0.18604,0.36717
-0.47437,0.18604,0.36717
-0.47437,0.18604,0.36717
-0.47437,0.18604,0.36717
-0.47416,0.18802,0.36554
-0.47416,0.18802,0.36554
-0.47416,0.18802,0.36554
-0.47416,0.18802,0.36554
-0.47416,0.18802,0.36554
-0.47392,0.19006,0.36395
-0.47392,0.19006,0.36395
-0.47392,0.19006,0.36395
-0.47392,0.19006,0.36395
-0.47392,0.19006,0.36395
-0.47367,0.19206,0.36234
-0.47367,0.19206,0.36234
-0.47367,0.19206,0.36234
-0.47367,0.19206,0.36234
-0.47367,0.19206,0.36234
-0.47342,0.19400,0.36069
-0.47342,0.19400,0.36069
-0.47342,0.19400,0.36069
-0.47342,0.19400,0.36069
-0.47342,0.19400,0.36069
-0.47319,0.19592,0.35901
-0.47319,0.19592,0.35901
-0.47319,0.19592,0.35901
-0.47319,0.19592,0.35901
-0.47319,0.19592,0.35901
-0.47295,0.19786,0.35730
-0.47295,0.19786,0.35730
-0.47295,0.19786,0.35730
-0.47295,0.19786,0.35730
-0.47295,0.19786,0.35730
-0.47272,0.19985,0.35567
-0.47272,0.19985,0.35567
-0.47272,0.19985,0.35567
-0.47272,0.19985,0.35567
-0.47272,0.19985,0.35567
-0.47252,0.20180,0.35408
-0.47252,0.20180,0.35408
-0.47252,0.20180,0.35408
-0.47252,0.20180,0.35408
-0.47252,0.20180,0.35408
-0.47232,0.20373,0.35245
-0.47232,0.20373,0.35245
-0.47232,0.20373,0.35245
-0.47232,0.20373,0.35245
-0.47232,0.20373,0.35245
-0.47212,0.20563,0.35078
-0.47212,0.20563,0.35078
-0.47212,0.20563,0.35078
-0.47212,0.20563,0.35078
-0.47212,0.20563,0.35078
-0.47189,0.20753,0.34907
-0.47189,0.20753,0.34907
-0.47189,0.20753,0.34907
-0.47189,0.20753,0.34907
-0.47189,0.20753,0.34907
-0.47164,0.20949,0.34738
-0.47164,0.20949,0.34738
-0.47164,0.20949,0.34738
-0.47164,0.20949,0.34738
-0.47164,0.20949,0.34738
-0.47141,0.21142,0.34576
-0.47141,0.21142,0.34576
-0.47141,0.21142,0.34576
-0.47141,0.21142,0.34576
-0.47141,0.21142,0.34576
-0.47121,0.21331,0.34415
-0.47121,0.21331,0.34415
-0.47121,0.21331,0.34415
-0.47121,0.21331,0.34415
-0.47121,0.21331,0.34415
-0.47101,0.21518,0.34248
-0.47101,0.21518,0.34248
-0.47101,0.21518,0.34248
-0.47101,0.21518,0.34248
-0.47101,0.21518,0.34248
-0.47077,0.21706,0.34075
-0.47077,0.21706,0.34075
-0.47077,0.21706,0.34075
-0.47077,0.21706,0.34075
-0.47077,0.21706,0.34075
-0.47052,0.21896,0.33902
-0.47052,0.21896,0.33902
-0.47052,0.21896,0.33902
-0.47052,0.21896,0.33902
-0.47052,0.21896,0.33902
-0.47026,0.22088,0.33737
-0.47026,0.22088,0.33737
-0.47026,0.22088,0.33737
-0.47026,0.22088,0.33737
-0.47026,0.22088,0.33737
-0.47005,0.22276,0.33575
-0.47005,0.22276,0.33575
-0.47005,0.22276,0.33575
-0.47005,0.22276,0.33575
-0.47005,0.22276,0.33575
-0.46985,0.22463,0.33408
-0.46985,0.22463,0.33408
-0.46985,0.22463,0.33408
-0.46985,0.22463,0.33408
-0.46985,0.22463,0.33408
-0.46964,0.22648,0.33237
-0.46964,0.22648,0.33237
-0.46964,0.22648,0.33237
-0.46964,0.22648,0.33237
-0.46964,0.22648,0.33237
-0.46943,0.22835,0.33064
-0.46943,0.22835,0.33064
-0.46943,0.22835,0.33064
-0.46943,0.22835,0.33064
-0.46943,0.22835,0.33064
-0.46921,0.23027,0.32900
-0.46921,0.23027,0.32900
-0.46921,0.23027,0.32900
-0.46921,0.23027,0.32900
-0.46921,0.23027,0.32900
-0.46901,0.23219,0.32740
-0.46901,0.23219,0.32740
-0.46901,0.23219,0.32740
-0.46901,0.23219,0.32740
-0.46901,0.23219,0.32740
-0.46882,0.23406,0.32578
-0.46882,0.23406,0.32578
-0.46882,0.23406,0.32578
-0.46882,0.23406,0.32578
-0.46882,0.23406,0.32578
-0.46863,0.23592,0.32409
-0.46863,0.23592,0.32409
-0.46863,0.23592,0.32409
-0.46863,0.23592,0.32409
-0.46863,0.23592,0.32409
-0.46844,0.23779,0.32236
-0.46844,0.23779,0.32236
-0.46844,0.23779,0.32236
-0.46844,0.23779,0.32236
-0.46844,0.23779,0.32236
-0.46826,0.23967,0.32072
-0.46826,0.23967,0.32072
-0.46826,0.23967,0.32072
-0.46826,0.23967,0.32072
-0.46826,0.23967,0.32072
-0.46807,0.24157,0.31916
-0.46807,0.24157,0.31916
-0.46807,0.24157,0.31916
-0.46807,0.24157,0.31916
-0.46807,0.24157,0.31916
-0.46788,0.24346,0.31755
-0.46788,0.24346,0.31755
-0.46788,0.24346,0.31755
-0.46788,0.24346,0.31755
-0.46788,0.24346,0.31755
-0.46767,0.24533,0.31585
-0.46767,0.24533,0.31585
-0.46767,0.24533,0.31585
-0.46767,0.24533,0.31585
-0.46767,0.24533,0.31585
-0.46745,0.24719,0.31412
-0.46745,0.24719,0.31412
-0.46745,0.24719,0.31412
-0.46745,0.24719,0.31412
-0.46745,0.24719,0.31412
-0.46726,0.24905,0.31249
-0.46726,0.24905,0.31249
-0.46726,0.24905,0.31249
-0.46726,0.24905,0.31249
-0.46726,0.24905,0.31249
-0.46707,0.25091,0.31092
-0.46707,0.25091,0.31092
-0.46707,0.25091,0.31092
-0.46707,0.25091,0.31092
-0.46707,0.25091,0.31092
-0.46688,0.25282,0.30930
-0.46688,0.25282,0.30930
-0.46688,0.25282,0.30930
-0.46688,0.25282,0.30930
-0.46688,0.25282,0.30930
-0.46670,0.25473,0.30763
-0.46670,0.25473,0.30763
-0.46670,0.25473,0.30763
-0.46670,0.25473,0.30763
-0.46670,0.25473,0.30763
-0.46649,0.25663,0.30593
-0.46649,0.25663,0.30593
-0.46649,0.25663,0.30593
-0.46649,0.25663,0.30593
-0.46649,0.25663,0.30593
-0.46632,0.25853,0.30435
-0.46632,0.25853,0.30435
-0.46632,0.25853,0.30435
-0.46632,0.25853,0.30435
-0.46632,0.25853,0.30435
-0.46618,0.26041,0.30283
-0.46618,0.26041,0.30283
-0.46618,0.26041,0.30283
-0.46618,0.26041,0.30283
-0.46618,0.26041,0.30283
-0.46605,0.26231,0.30126
-0.46605,0.26231,0.30126
-0.46605,0.26231,0.30126
-0.46605,0.26231,0.30126
-0.46605,0.26231,0.30126
-0.46591,0.26425,0.29964
-0.46591,0.26425,0.29964
-0.46591,0.26425,0.29964
-0.46591,0.26425,0.29964
-0.46591,0.26425,0.29964
-0.46572,0.26621,0.29799
-0.46572,0.26621,0.29799
-0.46572,0.26621,0.29799
-0.46572,0.26621,0.29799
-0.46572,0.26621,0.29799
-0.46558,0.26817,0.29647
-0.46558,0.26817,0.29647
-0.46558,0.26817,0.29647
-0.46558,0.26817,0.29647
-0.46558,0.26817,0.29647
-0.46542,0.27007,0.29498
-0.46542,0.27007,0.29498
-0.46542,0.27007,0.29498
-0.46542,0.27007,0.29498
-0.46542,0.27007,0.29498
-0.46530,0.27196,0.29342
-0.46530,0.27196,0.29342
-0.46530,0.27196,0.29342
-0.46530,0.27196,0.29342
-0.46530,0.27196,0.29342
-0.46514,0.27387,0.29179
-0.46514,0.27387,0.29179
-0.46514,0.27387,0.29179
-0.46514,0.27387,0.29179
-0.46514,0.27387,0.29179
-0.46494,0.27583,0.29016
-0.46494,0.27583,0.29016
-0.46494,0.27583,0.29016
-0.46494,0.27583,0.29016
-0.46494,0.27583,0.29016
-0.46476,0.27781,0.28870
-0.46476,0.27781,0.28870
-0.46476,0.27781,0.28870
-0.46476,0.27781,0.28870
-0.46476,0.27781,0.28870
-0.46463,0.27978,0.28726
-0.46463,0.27978,0.28726
-0.46463,0.27978,0.28726
-0.46463,0.27978,0.28726
-0.46463,0.27978,0.28726
-0.46451,0.28172,0.28575
-0.46451,0.28172,0.28575
-0.46451,0.28172,0.28575
-0.46451,0.28172,0.28575
-0.46451,0.28172,0.28575
-0.46438,0.28367,0.28416
-0.46438,0.28367,0.28416
-0.46438,0.28367,0.28416
-0.46438,0.28367,0.28416
-0.46438,0.28367,0.28416
-0.46426,0.28563,0.28264
-0.46426,0.28563,0.28264
-0.46426,0.28563,0.28264
-0.46426,0.28563,0.28264
-0.46426,0.28563,0.28264
-0.46417,0.28762,0.28125
-0.46417,0.28762,0.28125
-0.46417,0.28762,0.28125
-0.46417,0.28762,0.28125
-0.46417,0.28762,0.28125
-0.46408,0.28965,0.27985
-0.46408,0.28965,0.27985
-0.46408,0.28965,0.27985
-0.46408,0.28965,0.27985
-0.46408,0.28965,0.27985
-0.46396,0.29167,0.27835
-0.46396,0.29167,0.27835
-0.46396,0.29167,0.27835
-0.46396,0.29167,0.27835
-0.46396,0.29167,0.27835
-0.46386,0.29370,0.27683
-0.46386,0.29370,0.27683
-0.46386,0.29370,0.27683
-0.46386,0.29370,0.27683
-0.46386,0.29370,0.27683
-0.46380,0.29571,0.27547
-0.46380,0.29571,0.27547
-0.46380,0.29571,0.27547
-0.46380,0.29571,0.27547
-0.46380,0.29571,0.27547
-0.46374,0.29771,0.27415
-0.46374,0.29771,0.27415
-0.46374,0.29771,0.27415
-0.46374,0.29771,0.27415
-0.46374,0.29771,0.27415
-0.46364,0.29971,0.27272
-0.46364,0.29971,0.27272
-0.46364,0.29971,0.27272
-0.46364,0.29971,0.27272
-0.46364,0.29971,0.27272
-0.46347,0.30178,0.27124
-0.46347,0.30178,0.27124
-0.46347,0.30178,0.27124
-0.46347,0.30178,0.27124
-0.46347,0.30178,0.27124
-0.46329,0.30385,0.26981
-0.46329,0.30385,0.26981
-0.46329,0.30385,0.26981
-0.46329,0.30385,0.26981
-0.46329,0.30385,0.26981
-0.46317,0.30591,0.26854
-0.46317,0.30591,0.26854
-0.46317,0.30591,0.26854
-0.46317,0.30591,0.26854
-0.46317,0.30591,0.26854
-0.46311,0.30795,0.26730
-0.46311,0.30795,0.26730
-0.46311,0.30795,0.26730
-0.46311,0.30795,0.26730
-0.46311,0.30795,0.26730
-0.46307,0.30999,0.26596
-0.46307,0.30999,0.26596
-0.46307,0.30999,0.26596
-0.46307,0.30999,0.26596
-0.46307,0.30999,0.26596
-0.46301,0.31207,0.26453
-0.46301,0.31207,0.26453
-0.46301,0.31207,0.26453
-0.46301,0.31207,0.26453
-0.46301,0.31207,0.26453
-0.46294,0.31426,0.26324
-0.46294,0.31426,0.26324
-0.46294,0.31426,0.26324
-0.46294,0.31426,0.26324
-0.46294,0.31426,0.26324
-0.46288,0.31646,0.26210
-0.46288,0.31646,0.26210
-0.46288,0.31646,0.26210
-0.46288,0.31646,0.26210
-0.46288,0.31646,0.26210
-0.46288,0.31866,0.26096
-0.46288,0.31866,0.26096
-0.46288,0.31866,0.26096
-0.46288,0.31866,0.26096
-0.46288,0.31866,0.26096
-0.46288,0.32080,0.25967
-0.46288,0.32080,0.25967
-0.46288,0.32080,0.25967
-0.46288,0.32080,0.25967
-0.46288,0.32080,0.25967
-0.46287,0.32293,0.25835
-0.46287,0.32293,0.25835
-0.46287,0.32293,0.25835
-0.46287,0.32293,0.25835
-0.46287,0.32293,0.25835
-0.46287,0.32511,0.25719
-0.46287,0.32511,0.25719
-0.46287,0.32511,0.25719
-0.46287,0.32511,0.25719
-0.46287,0.32511,0.25719
-0.46280,0.32734,0.25610
-0.46280,0.32734,0.25610
-0.46280,0.32734,0.25610
-0.46280,0.32734,0.25610
-0.46280,0.32734,0.25610
-0.46271,0.32958,0.25497
-0.46271,0.32958,0.25497
-0.46271,0.32958,0.25497
-0.46271,0.32958,0.25497
-0.46271,0.32958,0.25497
-0.46256,0.33178,0.25370
-0.46256,0.33178,0.25370
-0.46256,0.33178,0.25370
-0.46256,0.33178,0.25370
-0.46256,0.33178,0.25370
-0.46245,0.33396,0.25246
-0.46245,0.33396,0.25246
-0.46245,0.33396,0.25246
-0.46245,0.33396,0.25246
-0.46245,0.33396,0.25246
-0.46241,0.33615,0.25139
-0.46241,0.33615,0.25139
-0.46241,0.33615,0.25139
-0.46241,0.33615,0.25139
-0.46241,0.33615,0.25139
-0.46240,0.33836,0.25038
-0.46240,0.33836,0.25038
-0.46240,0.33836,0.25038
-0.46240,0.33836,0.25038
-0.46240,0.33836,0.25038
-0.46232,0.34064,0.24928
-0.46232,0.34064,0.24928
-0.46232,0.34064,0.24928
-0.46232,0.34064,0.24928
-0.46232,0.34064,0.24928
-0.46218,0.34295,0.24810
-0.46218,0.34295,0.24810
-0.46218,0.34295,0.24810
-0.46218,0.34295,0.24810
-0.46218,0.34295,0.24810
-0.46207,0.34530,0.24705
-0.46207,0.34530,0.24705
-0.46207,0.34530,0.24705
-0.46207,0.34530,0.24705
-0.46207,0.34530,0.24705
-0.46204,0.34762,0.24615
-0.46204,0.34762,0.24615
-0.46204,0.34762,0.24615
-0.46204,0.34762,0.24615
-0.46204,0.34762,0.24615
-0.46206,0.34993,0.24525
-0.46206,0.34993,0.24525
-0.46206,0.34993,0.24525
-0.46206,0.34993,0.24525
-0.46206,0.34993,0.24525
-0.46203,0.35222,0.24423
-0.46203,0.35222,0.24423
-0.46203,0.35222,0.24423
-0.46203,0.35222,0.24423
-0.46203,0.35222,0.24423
-0.46194,0.35459,0.24319
-0.46194,0.35459,0.24319
-0.46194,0.35459,0.24319
-0.46194,0.35459,0.24319
-0.46194,0.35459,0.24319
-0.46186,0.35703,0.24230
-0.46186,0.35703,0.24230
-0.46186,0.35703,0.24230
-0.46186,0.35703,0.24230
-0.46186,0.35703,0.24230
-0.46181,0.35946,0.24154
-0.46181,0.35946,0.24154
-0.46181,0.35946,0.24154
-0.46181,0.35946,0.24154
-0.46181,0.35946,0.24154
-0.46176,0.36182,0.24068
-0.46176,0.36182,0.24068
-0.46176,0.36182,0.24068
-0.46176,0.36182,0.24068
-0.46176,0.36182,0.24068
-0.46173,0.36416,0.23977
-0.46173,0.36416,0.23977
-0.46173,0.36416,0.23977
-0.46173,0.36416,0.23977
-0.46173,0.36416,0.23977
-0.46170,0.36651,0.23886
-0.46170,0.36651,0.23886
-0.46170,0.36651,0.23886
-0.46170,0.36651,0.23886
-0.46170,0.36651,0.23886
-0.46166,0.36892,0.23810
-0.46166,0.36892,0.23810
-0.46166,0.36892,0.23810
-0.46166,0.36892,0.23810
-0.46166,0.36892,0.23810
-0.46155,0.37134,0.23735
-0.46155,0.37134,0.23735
-0.46155,0.37134,0.23735
-0.46155,0.37134,0.23735
-0.46155,0.37134,0.23735
-0.46145,0.37378,0.23661
-0.46145,0.37378,0.23661
-0.46145,0.37378,0.23661
-0.46145,0.37378,0.23661
-0.46145,0.37378,0.23661
-0.46136,0.37622,0.23585
-0.46136,0.37622,0.23585
-0.46136,0.37622,0.23585
-0.46136,0.37622,0.23585
-0.46136,0.37622,0.23585
-0.46126,0.37860,0.23505
-0.46126,0.37860,0.23505
-0.46126,0.37860,0.23505
-0.46126,0.37860,0.23505
-0.46126,0.37860,0.23505
-0.46120,0.38097,0.23431
-0.46120,0.38097,0.23431
-0.46120,0.38097,0.23431
-0.46120,0.38097,0.23431
-0.46120,0.38097,0.23431
-0.46113,0.38339,0.23370
-0.46113,0.38339,0.23370
-0.46113,0.38339,0.23370
-0.46113,0.38339,0.23370
-0.46113,0.38339,0.23370
-0.46103,0.38592,0.23316
-0.46103,0.38592,0.23316
-0.46103,0.38592,0.23316
-0.46103,0.38592,0.23316
-0.46103,0.38592,0.23316
-0.46086,0.38840,0.23252
-0.46086,0.38840,0.23252
-0.46086,0.38840,0.23252
-0.46086,0.38840,0.23252
-0.46086,0.38840,0.23252
-0.46069,0.39087,0.23186
-0.46069,0.39087,0.23186
-0.46069,0.39087,0.23186
-0.46069,0.39087,0.23186
-0.46069,0.39087,0.23186
-0.46058,0.39333,0.23130
-0.46058,0.39333,0.23130
-0.46058,0.39333,0.23130
-0.46058,0.39333,0.23130
-0.46058,0.39333,0.23130
-0.46053,0.39580,0.23092
-0.46053,0.39580,0.23092
-0.46053,0.39580,0.23092
-0.46053,0.39580,0.23092
-0.46053,0.39580,0.23092
-0.46043,0.39826,0.23050
-0.46043,0.39826,0.23050
-0.46043,0.39826,0.23050
-0.46043,0.39826,0.23050
-0.46043,0.39826,0.23050
-0.46030,0.40081,0.23012
-0.46030,0.40081,0.23012
-0.46030,0.40081,0.23012
-0.46030,0.40081,0.23012
-0.46030,0.40081,0.23012
-0.46016,0.40336,0.22977
-0.46016,0.40336,0.22977
-0.46016,0.40336,0.22977
-0.46016,0.40336,0.22977
-0.46016,0.40336,0.22977
-0.46002,0.40581,0.22942
-0.46002,0.40581,0.22942
-0.46002,0.40581,0.22942
-0.46002,0.40581,0.22942
-0.46002,0.40581,0.22942
-0.45994,0.40810,0.22909
-0.45994,0.40810,0.22909
-0.45994,0.40810,0.22909
-0.45994,0.40810,0.22909
-0.45994,0.40810,0.22909
-0.45993,0.41028,0.22885
-0.45993,0.41028,0.22885
-0.45993,0.41028,0.22885
-0.45993,0.41028,0.22885
-0.45993,0.41028,0.22885
-0.45992,0.41237,0.22870
-0.45992,0.41237,0.22870
-0.45992,0.41237,0.22870
-0.45992,0.41237,0.22870
-0.45992,0.41237,0.22870
-0.45975,0.41430,0.22846
-0.45975,0.41430,0.22846
-0.45975,0.41430,0.22846
-0.45975,0.41430,0.22846
-0.45975,0.41430,0.22846
-0.45955,0.41604,0.22820
-0.45955,0.41604,0.22820
-0.45955,0.41604,0.22820
-0.45955,0.41604,0.22820
-0.45955,0.41604,0.22820
-0.45940,0.41751,0.22795
-0.45940,0.41751,0.22795
-0.45940,0.41751,0.22795
-0.45940,0.41751,0.22795
-0.45940,0.41751,0.22795
-0.45930,0.41879,0.22776
-0.45930,0.41879,0.22776
-0.45930,0.41879,0.22776
-0.45930,0.41879,0.22776
-0.45930,0.41879,0.22776
-0.45933,0.41979,0.22755
-0.45933,0.41979,0.22755
-0.45933,0.41979,0.22755
-0.45933,0.41979,0.22755
-0.45933,0.41979,0.22755
-0.45941,0.42064,0.22742
-0.45941,0.42064,0.22742
-0.45941,0.42064,0.22742
-0.45941,0.42064,0.22742
-0.45941,0.42064,0.22742
-0.45958,0.42138,0.22737
-0.45958,0.42138,0.22737
-0.45958,0.42138,0.22737
-0.45958,0.42138,0.22737
-0.45958,0.42138,0.22737
-0.45980,0.42204,0.22741
-0.45980,0.42204,0.22741
-0.45980,0.42204,0.22741
-0.45980,0.42204,0.22741
-0.45980,0.42204,0.22741
-0.46010,0.42260,0.22750
-0.46010,0.42260,0.22750
-0.46010,0.42260,0.22750
-0.46010,0.42260,0.22750
-0.46010,0.42260,0.22750
-0.46051,0.42312,0.22770
-0.46051,0.42312,0.22770
-0.46051,0.42312,0.22770
-0.46051,0.42312,0.22770
-0.46051,0.42312,0.22770
-0.46096,0.42356,0.22796
-0.46096,0.42356,0.22796
-0.46096,0.42356,0.22796
-0.46096,0.42356,0.22796
-0.46096,0.42356,0.22796
-0.46136,0.42393,0.22821
-0.46136,0.42393,0.22821
-0.46136,0.42393,0.22821
-0.46136,0.42393,0.22821
-0.46136,0.42393,0.22821
-0.46169,0.42424,0.22845
-0.46169,0.42424,0.22845
-0.46169,0.42424,0.22845
-0.46169,0.42424,0.22845
-0.46169,0.42424,0.22845
-0.46190,0.42451,0.22868
-0.46190,0.42451,0.22868
-0.46190,0.42451,0.22868
-0.46190,0.42451,0.22868
-0.46190,0.42451,0.22868
-0.46198,0.42471,0.22890
-0.46198,0.42471,0.22890
-0.46198,0.42471,0.22890
-0.46198,0.42471,0.22890
-0.46198,0.42471,0.22890
-0.46195,0.42480,0.22905
-0.46195,0.42480,0.22905
-0.46195,0.42480,0.22905
-0.46195,0.42480,0.22905
-0.46195,0.42480,0.22905
-0.46185,0.42484,0.22912
-0.46185,0.42484,0.22912
-0.46185,0.42484,0.22912
-0.46185,0.42484,0.22912
-0.46185,0.42484,0.22912
-0.46166,0.42486,0.22918
-0.46166,0.42486,0.22918
-0.46166,0.42486,0.22918
-0.46166,0.42486,0.22918
-0.46166,0.42486,0.22918
-0.46147,0.42488,0.22921
-0.46147,0.42488,0.22921
-0.46147,0.42488,0.22921
-0.46147,0.42488,0.22921
-0.46147,0.42488,0.22921
-0.46130,0.42493,0.22922
-0.46130,0.42493,0.22922
-0.46130,0.42493,0.22922
-0.46130,0.42493,0.22922
-0.46130,0.42493,0.22922
-0.46116,0.42499,0.22922
-0.46116,0.42499,0.22922
-0.46116,0.42499,0.22922
-0.46116,0.42499,0.22922
-0.46116,0.42499,0.22922
-0.46108,0.42504,0.22925
-0.46108,0.42504,0.22925
-0.46108,0.42504,0.22925
-0.46108,0.42504,0.22925
-0.46108,0.42504,0.22925
-0.46105,0.42507,0.22928
-0.46105,0.42507,0.22928
-0.46105,0.42507,0.22928
-0.46105,0.42507,0.22928
-0.46105,0.42507,0.22928
-0.46105,0.42509,0.22931
-0.46105,0.42509,0.22931
-0.46105,0.42509,0.22931
-0.46105,0.42509,0.22931
-0.46105,0.42509,0.22931
-0.46106,0.42510,0.22935
-0.46106,0.42510,0.22935
-0.46106,0.42510,0.22935
-0.46106,0.42510,0.22935
-0.46106,0.42510,0.22935
-0.46107,0.42510,0.22939
-0.46107,0.42510,0.22939
-0.46107,0.42510,0.22939
-0.46107,0.42510,0.22939
-0.46107,0.42510,0.22939
-0.46108,0.42510,0.22942
-0.46108,0.42510,0.22942
-0.46108,0.42510,0.22942
-0.46108,0.42510,0.22942
-0.46108,0.42510,0.22942
-0.46108,0.42509,0.22944
-0.46108,0.42509,0.22944
-0.46108,0.42509,0.22944
-0.46108,0.42509,0.22944
-0.46108,0.42509,0.22944
-0.46109,0.42508,0.22947
-0.46109,0.42508,0.22947
-0.46109,0.42508,0.22947
-0.46109,0.42508,0.22947
-0.46109,0.42508,0.22947
-0.46110,0.42506,0.22949
-0.46110,0.42506,0.22949
-0.46110,0.42506,0.22949
-0.46110,0.42506,0.22949
-0.46110,0.42506,0.22949
-0.46110,0.42506,0.22951
-0.46110,0.42506,0.22951
-0.46110,0.42506,0.22951
-0.46110,0.42506,0.22951
-0.46110,0.42506,0.22951
-0.46110,0.42506,0.22952
-0.46110,0.42506,0.22952
-0.46110,0.42506,0.22952
-0.46110,0.42506,0.22952
-0.46110,0.42506,0.22952
-0.46110,0.42506,0.22953
-0.46110,0.42506,0.22953
-0.46110,0.42506,0.22953
-0.46110,0.42506,0.22953
-0.46110,0.42506,0.22953
-0.46110,0.42506,0.22953
-0.46110,0.42506,0.22953
-0.46110,0.42506,0.22953
-0.46110,0.42506,0.22953
-0.46110,0.42506,0.22953
-0.46110,0.42506,0.22953
