-0.46110,0.42507,0.22955
-0.46110,0.42507,0.22955
-0.46110,0.42507,0.22955
-0.46110,0.42507,0.22955
-0.46110,0.42507,0.22955
-0.46110,0.42507,0.22955
-0.46110,0.42507,0.22955
-0.46110,0.42507,0.22955
-0.46110,0.42507,0.22955
-0.46110,0.42507,0.22955
-0.46110,0.42507,0.22955
-0.46110,0.42507,0.22955
-0.46110,0.42507,0.22955
-0.46110,0.42507,0.22955
-0.46110,0.42507,0.22955
-0.46110,0.42507,0.22955
-0.46110,0.42507,0.22955
-0.46110,0.42507,0.22955
-0.46110,0.42507,0.22955
-0.46110,0.42507,0.22955
-0.46110,0.42507,0.22955
-0.46110,0.42507,0.22955
-0.46110,0.42507,0.22955
-0.46110,0.42507,0.22955
-0.46110,0.42507,0.22955
-0.46110,0.42507,0.22955
-0.46110,0.42507,0.22955
-0.46110,0.42507,0.22955
-0.46110,0.42507,0.22955
-0.46110,0.42507,0.22955
-0.46110,0.42507,0.22955
-0.46110,0.42507,0.22955
-0.46137,0.42468,0.22956
-0.46137,0.42468,0.22956
-0.46137,0.42468,0.22956
-0.46137,0.42468,0.22956
-0.46137,0.42468,0.22956
-0.46189,0.42376,0.22961
-0.46189,0.42376,0.22961
-0.46189,0.42376,0.22961
-0.46189,0.42376,0.22961
-0.46189,0.42376,0.22961
-0.46218,0.42270,0.22947
-0.46218,0.42270,0.22947
-0.46218,0.42270,0.22947
-0.46218,0.42270,0.22947
-0.46218,0.42270,0.22947
-0.46246,0.42131,0.22940
-0.46246,0.42131,0.22940
-0.46246,0.42131,0.22940
-0.46246,0.42131,0.22940
-0.46246,0.42131,0.22940
-0.46289,0.41953,0.22942
-0.46289,0.41953,0.22942
-0.46289,0.41953,0.22942
-0.46289,0.41953,0.22942
-0.46289,0.41953,0.22942
-0.46346,0.41751,0.22945
-0.46346,0.41751,0.22945
-0.46346,0.41751,0.22945
-0.46346,0.41751,0.22945
-0.46346,0.41751,0.22945
-0.46409,0.41538,0.22945
-0.46409,0.41538,0.22945
-0.46409,0.41538,0.22945
-0.46409,0.41538,0.22945
-0.46409,0.41538,0.22945
-0.46489,0.41317,0.22954
-0.46489,0.41317,0.22954
-0.46489,0.41317,0.22954
-0.46489,0.41317,0.22954
-0.46489,0.41317,0.22954
-0.46581,0.41089,0.22984
-0.46581,0.41089,0.22984
-0.46581,0.41089,0.22984
-0.46581,0.41089,0.22984
-0.46581,0.41089,0.22984
-0.46664,0.40873,0.23018
-0.46664,0.40873,0.23018
-0.46664,0.40873,0.23018
-0.46664,0.40873,0.23018
-0.46664,0.40873,0.23018
-0.46749,0.40666,0.23070
-0.46749,0.40666,0.23070
-0.46749,0.40666,0.23070
-0.46749,0.40666,0.23070
-0.46749,0.40666,0.23070
-0.46833,0.40455,0.23131
-0.46833,0.40455,0.23131
-0.46833,0.40455,0.23131
-0.46833,0.40455,0.23131
-0.46833,0.40455,0.23131
-0.46908,0.40248,0.23188
-0.46908,0.40248,0.23188
-0.46908,0.40248,0.23188
-0.46908,0.40248,0.23188
-0.46908,0.40248,0.23188
-0.46974,0.40047,0.23245
-0.46974,0.40047,0.23245
-0.46974,0.40047,0.23245
-0.46974,0.40047,0.23245
-0.46974,0.40047,0.23245
-0.47026,0.39856,0.23304
-0.47026,0.39856,0.23304
-0.47026,0.39856,0.23304
-0.47026,0.39856,0.23304
-0.47026,0.39856,0.23304
-0.47067,0.39670,0.23367
-0.47067,0.39670,0.23367
-0.47067,0.39670,0.23367
-0.47067,0.39670,0.23367
-0.47067,0.39670,0.23367
-0.47091,0.39494,0.23432
-0.47091,0.39494,0.23432
-0.47091,0.39494,0.23432
-0.47091,0.39494,0.23432
-0.47091,0.39494,0.23432
-0.47108,0.39315,0.23496
-0.47108,0.39315,0.23496
-0.47108,0.39315,0.23496
-0.47108,0.39315,0.23496
-0.47108,0.39315,0.23496
-0.47127,0.39124,0.23564
-0.47127,0.39124,0.23564
-0.47127,0.39124,0.23564
-0.47127,0.39124,0.23564
-0.47127,0.39124,0.23564
-0.47145,0.38925,0.23631
-0.47145,0.38925,0.23631
-0.47145,0.38925,0.23631
-0.47145,0.38925,0.23631
-0.47145,0.38925,0.23631
-0.47160,0.38728,0.23696
-0.47160,0.38728,0.23696
-0.47160,0.38728,0.23696
-0.47160,0.38728,0.23696
-0.47160,0.38728,0.23696
-0.47168,0.38528,0.23755
-0.47168,0.38528,0.23755
-0.47168,0.38528,0.23755
-0.47168,0.38528,0.23755
-0.47168,0.38528,0.23755
-0.47172,0.38328,0.23821
-0.47172,0.38328,0.23821
-0.47172,0.38328,0.23821
-0.47172,0.38328,0.23821
-0.47172,0.38328,0.23821
-0.47176,0.38125,0.23889
-0.47176,0.38125,0.23889
-0.47176,0.38125,0.23889
-0.47176,0.38125,0.23889
-0.47176,0.38125,0.23889
-0.47181,0.37925,0.23967
-0.47181,0.37925,0.23967
-0.47181,0.37925,0.23967
-0.47181,0.37925,0.23967
-0.47181,0.37925,0.23967
-0.47187,0.37725,0.24051
-0.47187,0.37725,0.24051
-0.47187,0.37725,0.24051
-0.47187,0.37725,0.24051
-0.47187,0.37725,0.24051
-0.47194,0.37523,0.24132
-0.47194,0.37523,0.24132
-0.47194,0.37523,0.24132
-0.47194,0.37523,0.24132
-0.47194,0.37523,0.24132
-0.47200,0.37311,0.24204
-0.47200,0.37311,0.24204
-0.47200,0.37311,0.24204
-0.47200,0.37311,0.24204
-0.47200,0.37311,0.24204
-0.47208,0.37099,0.24288
-0.47208,0.37099,0.24288
-0.47208,0.37099,0.24288
-0.47208,0.37099,0.24288
-0.47208,0.37099,0.24288
-0.47222,0.36889,0.24386
-0.47222,0.36889,0.24386
-0.47222,0.36889,0.24386
-0.47222,0.36889,0.24386
-0.47222,0.36889,0.24386
-0.47237,0.36677,0.24491
-0.47237,0.36677,0.24491
-0.47237,0.36677,0.24491
-0.47237,0.36677,0.24491
-0.47237,0.36677,0.24491
-0.47246,0.36466,0.24585
-0.47246,0.36466,0.24585
-0.47246,0.36466,0.24585
-0.47246,0.36466,0.24585
-0.47246,0.36466,0.24585
-0.47249,0.36258,0.24674
-0.47249,0.36258,0.24674
-0.47249,0.36258,0.24674
-0.47249,0.36258,0.24674
-0.47249,0.36258,0.24674
-0.47253,0.36056,0.24772
-0.47253,0.36056,0.24772
-0.47253,0.36056,0.24772
-0.47253,0.36056,0.24772
-0.47253,0.36056,0.24772
-0.47258,0.35851,0.24878
-0.47258,0.35851,0.24878
-0.47258,0.35851,0.24878
-0.47258,0.35851,0.24878
-0.47258,0.35851,0.24878
-0.47269,0.35642,0.24992
-0.47269,0.35642,0.24992
-0.47269,0.35642,0.24992
-0.47269,0.35642,0.24992
-0.47269,0.35642,0.24992
-0.47277,0.35427,0.25094
-0.47277,0.35427,0.25094
-0.47277,0.35427,0.25094
-0.47277,0.35427,0.25094
-0.47277,0.35427,0.25094
-0.47285,0.35208,0.25190
-0.47285,0.35208,0.25190
-0.47285,0.35208,0.25190
-0.47285,0.35208,0.25190
-0.47285,0.35208,0.25190
-0.47296,0.34990,0.25297
-0.47296,0.34990,0.25297
-0.47296,0.34990,0.25297
-0.47296,0.34990,0.25297
-0.47296,0.34990,0.25297
-0.47307,0.34773,0.25414
-0.47307,0.34773,0.25414
-0.47307,0.34773,0.25414
-0.47307,0.34773,0.25414
-0.47307,0.34773,0.25414
-0.47315,0.34554,0.25531
-0.47315,0.34554,0.25531
-0.47315,0.34554,0.25531
-0.47315,0.34554,0.25531
-0.47315,0.34554,0.25531
-0.47322,0.34334,0.25639
-0.47322,0.34334,0.25639
-0.47322,0.34334,0.25639
-0.47322,0.34334,0.25639
-0.47322,0.34334,0.25639
-0.47331,0.34115,0.25746
-0.47331,0.34115,0.25746
-0.47331,0.34115,0.25746
-0.47331,0.34115,0.25746
-0.47331,0.34115,0.25746
-0.47341,0.33894,0.25858
-0.47341,0.33894,0.25858
-0.47341,0.33894,0.25858
-0.47341,0.33894,0.25858
-0.47341,0.33894,0.25858
-0.47356,0.33671,0.25981
-0.47356,0.33671,0.25981
-0.47356,0.33671,0.25981
-0.47356,0.33671,0.25981
-0.47356,0.33671,0.25981
-0.47367,0.33447,0.26103
-0.47367,0.33447,0.26103
-0.47367,0.33447,0.26103
-0.47367,0.33447,0.26103
-0.47367,0.33447,0.26103
-0.47373,0.33228,0.26216
-0.47373,0.33228,0.26216
-0.47373,0.33228,0.26216
-0.47373,0.33228,0.26216
-0.47373,0.33228,0.26216
-0.47378,0.33011,0.26331
-0.47378,0.33011,0.26331
-0.47378,0.33011,0.26331
-0.47378,0.33011,0.26331
-0.47378,0.33011,0.26331
-0.47390,0.32791,0.26458
-0.47390,0.32791,0.26458
-0.47390,0.32791,0.26458
-0.47390,0.32791,0.26458
-0.47390,0.32791,0.26458
-0.47403,0.32566,0.26590
-0.47403,0.32566,0.26590
-0.47403,0.32566,0.26590
-0.47403,0.32566,0.26590
-0.47403,0.32566,0.26590
-0.47417,0.32339,0.26715
-0.47417,0.32339,0.26715
-0.47417,0.32339,0.26715
-0.47417,0.32339,0.26715
-0.47417,0.32339,0.26715
-0.47427,0.32120,0.26834
-0.47427,0.32120,0.26834
-0.47427,0.32120,0.26834
-0.47427,0.32120,0.26834
-0.47427,0.32120,0.26834
-0.47431,0.31905,0.26956
-0.47431,0.31905,0.26956
-0.47431,0.31905,0.26956
-0.47431,0.31905,0.26956
-0.47431,0.31905,0.26956
-0.47438,0.31694,0.27094
-0.47438,0.31694,0.27094
-0.47438,0.31694,0.27094
-0.47438,0.31694,0.27094
-0.47438,0.31694,0.27094
-0.47447,0.31477,0.27234
-0.47447,0.31477,0.27234
-0.47447,0.31477,0.27234
-0.47447,0.31477,0.27234
-0.47447,0.31477,0.27234
-0.47456,0.31254,0.27362
-0.47456,0.31254,0.27362
-0.47456,0.31254,0.27362
-0.47456,0.31254,0.27362
-0.47456,0.31254,0.27362
-0.47469,0.31031,0.27488
-0.47469,0.31031,0.27488
-0.47469,0.31031,0.27488
-0.47469,0.31031,0.27488
-0.47469,0.31031,0.27488
-0.47479,0.30810,0.27621
-0.47479,0.30810,0.27621
-0.47479,0.30810,0.27621
-0.47479,0.30810,0.27621
-0.47479,0.30810,0.27621
-0.47491,0.30596,0.27772
-0.47491,0.30596,0.27772
-0.47491,0.30596,0.27772
-0.47491,0.30596,0.27772
-0.47491,0.30596,0.27772
-0.47495,0.30384,0.27912
-0.47495,0.30384,0.27912
-0.47495,0.30384,0.27912
-0.47495,0.30384,0.27912
-0.47495,0.30384,0.27912
-0.47497,0.30168,0.28039
-0.47497,0.30168,0.28039
-0.47497,0.30168,0.28039
-0.47497,0.30168,0.28039
-0.47497,0.30168,0.28039
-0.47503,0.29954,0.28175
-0.47503,0.29954,0.28175
-0.47503,0.29954,0.28175
-0.47503,0.29954,0.28175
-0.47503,0.29954,0.28175
-0.47513,0.29736,0.28321
-0.47513,0.29736,0.28321
-0.47513,0.29736,0.28321
-0.47513,0.29736,0.28321
-0.47513,0.29736,0.28321
-0.47526,0.29522,0.28476
-0.47526,0.29522,0.28476
-0.47526,0.29522,0.28476
-0.47526,0.29522,0.28476
-0.47526,0.29522,0.28476
-0.47532,0.29310,0.28614
-0.47532,0.29310,0.28614
-0.47532,0.29310,0.28614
-0.47532,0.29310,0.28614
-0.47532,0.29310,0.28614
-0.47532,0.29099,0.28747
-0.47532,0.29099,0.28747
-0.47532,0.29099,0.28747
-0.47532,0.29099,0.28747
-0.47532,0.29099,0.28747
-0.47535,0.28888,0.28895
-0.47535,0.28888,0.28895
-0.47535,0.28888,0.28895
-0.47535,0.28888,0.28895
-0.47535,0.28888,0.28895
-0.47544,0.28676,0.29057
-0.47544,0.28676,0.29057
-0.47544,0.28676,0.29057
-0.47544,0.28676,0.29057
-0.47544,0.28676,0.29057
-0.47553,0.28461,0.29208
-0.47553,0.28461,0.29208
-0.47553,0.28461,0.29208
-0.47553,0.28461,0.29208
-0.47553,0.28461,0.29208
-0.47560,0.28249,0.29346
-0.47560,0.28249,0.29346
-0.47560,0.28249,0.29346
-0.47560,0.28249,0.29346
-0.47560,0.28249,0.29346
-0.47563,0.28041,0.29493
-0.47563,0.28041,0.29493
-0.47563,0.28041,0.29493
-0.47563,0.28041,0.29493
-0.47563,0.28041,0.29493
-0.47565,0.27837,0.29653
-0.47565,0.27837,0.29653
-0.47565,0.27837,0.29653
-0.47565,0.27837,0.29653
-0.47565,0.27837,0.29653
-0.47567,0.27631,0.29813
-0.47567,0.27631,0.29813
-0.47567,0.27631,0.29813
-0.47567,0.27631,0.29813
-0.47567,0.27631,0.29813
-0.47569,0.27424,0.29959
-0.47569,0.27424,0.29959
-0.47569,0.27424,0.29959
-0.47569,0.27424,0.29959
-0.47569,0.27424,0.29959
-0.47574,0.27214,0.30109
-0.47574,0.27214,0.30109
-0.47574,0.27214,0.30109
-0.47574,0.27214,0.30109
-0.47574,0.27214,0.30109
-0.47580,0.27005,0.30273
-0.47580,0.27005,0.30273
-0.47580,0.27005,0.30273
-0.47580,0.27005,0.30273
-0.47580,0.27005,0.30273
-0.47585,0.26798,0.30438
-0.47585,0.26798,0.30438
-0.47585,0.26798,0.30438
-0.47585,0.26798,0.30438
-0.47585,0.26798,0.30438
-0.47585,0.26594,0.30587
-0.47585,0.26594,0.30587
-0.47585,0.26594,0.30587
-0.47585,0.26594,0.30587
-0.47585,0.26594,0.30587
-0.47582,0.26390,0.30735
-0.47582,0.26390,0.30735
-0.47582,0.26390,0.30735
-0.47582,0.26390,0.30735
-0.47582,0.26390,0.30735
-0.47582,0.26188,0.30900
-0.47582,0.26188,0.30900
-0.47582,0.26188,0.30900
-0.47582,0.26188,0.30900
-0.47582,0.26188,0.30900
-0.47587,0.25984,0.31076
-0.47587,0.25984,0.31076
-0.47587,0.25984,0.31076
-0.47587,0.25984,0.31076
-0.47587,0.25984,0.31076
-0.47589,0.25778,0.31232
-0.47589,0.25778,0.31232
-0.47589,0.25778,0.31232
-0.47589,0.25778,0.31232
-0.47589,0.25778,0.31232
-0.47589,0.25575,0.31381
-0.47589,0.25575,0.31381
-0.47589,0.25575,0.31381
-0.47589,0.25575,0.31381
-0.47589,0.25575,0.31381
-0.47586,0.25376,0.31545
-0.47586,0.25376,0.31545
-0.47586,0.25376,0.31545
-0.47586,0.25376,0.31545
-0.47586,0.25376,0.31545
-0.47580,0.25175,0.31717
-0.47580,0.25175,0.31717
-0.47580,0.25175,0.31717
-0.47580,0.25175,0.31717
-0.47580,0.25175,0.31717
-0.47579,0.24971,0.31884
-0.47579,0.24971,0.31884
-0.47579,0.24971,0.31884
-0.47579,0.24971,0.31884
-0.47579,0.24971,0.31884
-0.47577,0.24769,0.32038
-0.47577,0.24769,0.32038
-0.47577,0.24769,0.32038
-0.47577,0.24769,0.32038
-0.47577,0.24769,0.32038
-0.47576,0.24567,0.32199
-0.47576,0.24567,0.32199
-0.47576,0.24567,0.32199
-0.47576,0.24567,0.32199
-0.47576,0.24567,0.32199
-0.47575,0.24368,0.32377
-0.47575,0.24368,0.32377
-0.47575,0.24368,0.32377
-0.47575,0.24368,0.32377
-0.47575,0.24368,0.32377
-0.47569,0.24169,0.32548
-0.47569,0.24169,0.32548
-0.47569,0.24169,0.32548
-0.47569,0.24169,0.32548
-0.47569,0.24169,0.32548
-0.47559,0.23969,0.32706
-0.47559,0.23969,0.32706
-0.47559,0.23969,0.32706
-0.47559,0.23969,0.32706
-0.47559,0.23969,0.32706
-0.47544,0.23766,0.32866
-0.47544,0.23766,0.32866
-0.47544,0.23766,0.32866
-0.47544,0.23766,0.32866
-0.47544,0.23766,0.32866
-0.47536,0.23564,0.33047
-0.47536,0.23564,0.33047
-0.47536,0.23564,0.33047
-0.47536,0.23564,0.33047
-0.47536,0.23564,0.33047
-0.47530,0.23360,0.33228
-0.47530,0.23360,0.33228
-0.47530,0.23360,0.33228
-0.47530,0.23360,0.33228
-0.47530,0.23360,0.33228
-0.47524,0.23161,0.33392
-0.47524,0.23161,0.33392
-0.47524,0.23161,0.33392
-0.47524,0.23161,0.33392
-0.47524,0.23161,0.33392
-0.47518,0.22967,0.33560
-0.47518,0.22967,0.33560
-0.47518,0.22967,0.33560
-0.47518,0.22967,0.33560
-0.47518,0.22967,0.33560
-0.47515,0.22773,0.33742
-0.47515,0.22773,0.33742
-0.47515,0.22773,0.33742
-0.47515,0.22773,0.33742
-0.47515,0.22773,0.33742
-0.47514,0.22579,0.33936
-0.47514,0.22579,0.33936
-0.47514,0.22579,0.33936
-0.47514,0.22579,0.33936
-0.47514,0.22579,0.33936
-0.47515,0.22383,0.34112
-0.47515,0.22383,0.34112
-0.47515,0.22383,0.34112
-0.47515,0.22383,0.34112
-0.47515,0.22383,0.34112
-0.47517,0.22189,0.34280
-0.47517,0.22189,0.34280
-0.47517,0.22189,0.34280
-0.47517,0.22189,0.34280
-0.47517,0.22189,0.34280
-0.47516,0.21997,0.34461
-0.47516,0.21997,0.34461
-0.47516,0.21997,0.34461
-0.47516,0.21997,0.34461
-0.47516,0.21997,0.34461
-0.47517,0.21805,0.34653
-0.47517,0.21805,0.34653
-0.47517,0.21805,0.34653
-0.47517,0.21805,0.34653
-0.47517,0.21805,0.34653
-0.47512,0.21609,0.34834
-0.47512,0.21609,0.34834
-0.47512,0.21609,0.34834
-0.47512,0.21609,0.34834
-0.47512,0.21609,0.34834
-0.47509,0.21415,0.35006
-0.47509,0.21415,0.35006
-0.47509,0.21415,0.35006
-0.47509,0.21415,0.35006
-0.47509,0.21415,0.35006
-0.47504,0.21217,0.35180
-0.47504,0.21217,0.35180
-0.47504,0.21217,0.35180
-0.47504,0.21217,0.35180
-0.47504,0.21217,0.35180
-0.47500,0.21020,0.35366
-0.47500,0.21020,0.35366
-0.47500,0.21020,0.35366
-0.47500,0.21020,0.35366
-0.47500,0.21020,0.35366
-0.47497,0.20824,0.35552
-0.47497,0.20824,0.35552
-0.47497,0.20824,0.35552
-0.47497,0.20824,0.35552
-0.47497,0.20824,0.35552
-0.47494,0.20633,0.35726
-0.47494,0.20633,0.35726
-0.47494,0.20633,0.35726
-0.47494,0.20633,0.35726
-0.47494,0.20633,0.35726
-0.47490,0.20440,0.35896
-0.47490,0.20440,0.35896
-0.47490,0.20440,0.35896
-0.47490,0.20440,0.35896
-0.47490,0.20440,0.35896
-0.47488,0.20246,0.36079
-0.47488,0.20246,0.36079
-0.47488,0.20246,0.36079
-0.47488,0.20246,0.36079
-0.47488,0.20246,0.36079
-0.47491,0.20048,0.36268
-0.47491,0.20048,0.36268
-0.47491,0.20048,0.36268
-0.47491,0.20048,0.36268
-0.47491,0.20048,0.36268
-0.47495,0.19852,0.36448
-0.47495,0.19852,0.36448
-0.47495,0.19852,0.36448
-0.47495,0.19852,0.36448
-0.47495,0.19852,0.36448
-0.47497,0.19660,0.36619
-0.47497,0.19660,0.36619
-0.47497,0.19660,0.36619
-0.47497,0.19660,0.36619
-0.47497,0.19660,0.36619
-0.47499,0.19468,0.36792
-0.47499,0.19468,0.36792
-0.47499,0.19468,0.36792
-0.47499,0.19468,0.36792
-0.47499,0.19468,0.36792
-0.47500,0.19273,0.36973
-0.47500,0.19273,0.36973
-0.47500,0.19273,0.36973
-0.47500,0.19273,0.36973
-0.47500,0.19273,0.36973
-0.47505,0.19076,0.37161
-0.47505,0.19076,0.37161
-0.47505,0.19076,0.37161
-0.47505,0.19076,0.37161
-0.47505,0.19076,0.37161
-0.47508,0.18876,0.37336
-0.47508,0.18876,0.37336
-0.47508,0.18876,0.37336
-0.47508,0.18876,0.37336
-0.47508,0.18876,0.37336
-0.47510,0.18681,0.37504
-0.47510,0.18681,0.37504
-0.47510,0.18681,0.37504
-0.47510,0.18681,0.37504
-0.47510,0.18681,0.37504
-0.47510,0.18487,0.37675
-0.47510,0.18487,0.37675
-0.47510,0.18487,0.37675
-0.47510,0.18487,0.37675
-0.47510,0.18487,0.37675
-0.47512,0.18291,0.37853
-0.47512,0.18291,0.37853
-0.47512,0.18291,0.37853
-0.47512,0.18291,0.37853
-0.47512,0.18291,0.37853
-0.47515,0.18089,0.38036
-0.47515,0.18089,0.38036
-0.47515,0.18089,0.38036
-0.47515,0.18089,0.38036
-0.47515,0.18089,0.38036
-0.47519,0.17886,0.38210
-0.47519,0.17886,0.38210
-0.47519,0.17886,0.38210
-0.47519,0.17886,0.38210
-0.47519,0.17886,0.38210
-0.47523,0.17686,0.38374
-0.47523,0.17686,0.38374
-0.47523,0.17686,0.38374
-0.47523,0.17686,0.38374
-0.47523,0.17686,0.38374
-0.47527,0.17490,0.38540
-0.47527,0.17490,0.38540
-0.47527,0.17490,0.38540
-0.47527,0.17490,0.38540
-0.47527,0.17490,0.38540
-0.47532,0.17291,0.38712
-0.47532,0.17291,0.38712
-0.47532,0.17291,0.38712
-0.47532,0.17291,0.38712
-0.47532,0.17291,0.38712
-0.47540,0.17087,0.38889
-0.47540,0.17087,0.38889
-0.47540,0.17087,0.38889
-0.47540,0.17087,0.38889
-0.47540,0.17087,0.38889
-0.47548,0.16882,0.39062
-0.47548,0.16882,0.39062
-0.47548,0.16882,0.39062
-0.47548,0.16882,0.39062
-0.47548,0.16882,0.39062
-0.47556,0.16679,0.39226
-0.47556,0.16679,0.39226
-0.47556,0.16679,0.39226
-0.47556,0.16679,0.39226
-0.47556,0.16679,0.39226
-0.47564,0.16481,0.39389
-0.47564,0.16481,0.39389
-0.47564,0.16481,0.39389
-0.47564,0.16481,0.39389
-0.47564,0.16481,0.39389
-0.47571,0.16281,0.39553
-0.47571,0.16281,0.39553
-0.47571,0.16281,0.39553
-0.47571,0.16281,0.39553
-0.47571,0.16281,0.39553
-0.47580,0.16072,0.39721
-0.47580,0.16072,0.39721
-0.47580,0.16072,0.39721
-0.47580,0.16072,0.39721
-0.47580,0.16072,0.39721
-0.47588,0.15860,0.39891
-0.47588,0.15860,0.39891
-0.47588,0.15860,0.39891
-0.47588,0.15860,0.39891
-0.47588,0.15860,0.39891
-0.47595,0.15650,0.40051
-0.47595,0.15650,0.40051
-0.47595,0.15650,0.40051
-0.47595,0.15650,0.40051
-0.47595,0.15650,0.40051
-0.47601,0.15447,0.40206
-0.47601,0.15447,0.40206
-0.47601,0.15447,0.40206
-0.47601,0.15447,0.40206
-0.47601,0.15447,0.40206
-0.47608,0.15244,0.40358
-0.47608,0.15244,0.40358
-0.47608,0.15244,0.40358
-0.47608,0.15244,0.40358
-0.47608,0.15244,0.40358
-0.47616,0.15033,0.40513
-0.47616,0.15033,0.40513
-0.47616,0.15033,0.40513
-0.47616,0.15033,0.40513
-0.47616,0.15033,0.40513
-0.47627,0.14815,0.40670
-0.47627,0.14815,0.40670
-0.47627,0.14815,0.40670
-0.47627,0.14815,0.40670
-0.47627,0.14815,0.40670
-0.47636,0.14600,0.40828
-0.47636,0.14600,0.40828
-0.47636,0.14600,0.40828
-0.47636,0.14600,0.40828
-0.47636,0.14600,0.40828
-0.47644,0.14393,0.40979
-0.47644,0.14393,0.40979
-0.47644,0.14393,0.40979
-0.47644,0.14393,0.40979
-0.47644,0.14393,0.40979
-0.47651,0.14187,0.41125
-0.47651,0.14187,0.41125
-0.47651,0.14187,0.41125
-0.47651,0.14187,0.41125
-0.47651,0.14187,0.41125
-0.47660,0.13974,0.41267
-0.47660,0.13974,0.41267
-0.47660,0.13974,0.41267
-0.47660,0.13974,0.41267
-0.47660,0.13974,0.41267
-0.47671,0.13750,0.41410
-0.47671,0.13750,0.41410
-0.47671,0.13750,0.41410
-0.47671,0.13750,0.41410
-0.47671,0.13750,0.41410
-0.47680,0.13530,0.41551
-0.47680,0.13530,0.41551
-0.47680,0.13530,0.41551
-0.47680,0.13530,0.41551
-0.47680,0.13530,0.41551
-0.47685,0.13317,0.41694
-0.47685,0.13317,0.41694
-0.47685,0.13317,0.41694
-0.47685,0.13317,0.41694
-0.47685,0.13317,0.41694
-0.47689,0.13103,0.41835
-0.47689,0.13103,0.41835
-0.47689,0.13103,0.41835
-0.47689,0.13103,0.41835
-0.47689,0.13103,0.41835
-0.47693,0.12885,0.41969
-0.47693,0.12885,0.41969
-0.47693,0.12885,0.41969
-0.47693,0.12885,0.41969
-0.47693,0.12885,0.41969
-0.47702,0.12658,0.42101
-0.47702,0.12658,0.42101
-0.47702,0.12658,0.42101
-0.47702,0.12658,0.42101
-0.47702,0.12658,0.42101
-0.47710,0.12435,0.42227
-0.47710,0.12435,0.42227
-0.47710,0.12435,0.42227
-0.47710,0.12435,0.42227
-0.47710,0.12435,0.42227
-0.47717,0.12217,0.42351
-0.47717,0.12217,0.42351
-0.47717,0.12217,0.42351
-0.47717,0.12217,0.42351
-0.47717,0.12217,0.42351
-0.47724,0.11996,0.42475
-0.47724,0.11996,0.42475
-0.47724,0.11996,0.42475
-0.47724,0.11996,0.42475
-0.47724,0.11996,0.42475
-0.47730,0.11769,0.42602
-0.47730,0.11769,0.42602
-0.47730,0.11769,0.42602
-0.47730,0.11769,0.42602
-0.47730,0.11769,0.42602
-0.47736,0.11538,0.42730
-0.47736,0.11538,0.42730
-0.47736,0.11538,0.42730
-0.47736,0.11538,0.42730
-0.47736,0.11538,0.42730
-0.47742,0.11313,0.42851
-0.47742,0.11313,0.42851
-0.47742,0.11313,0.42851
-0.47742,0.11313,0.42851
-0.47742,0.11313,0.42851
-0.47748,0.11089,0.42965
-0.47748,0.11089,0.42965
-0.47748,0.11089,0.42965
-0.47748,0.11089,0.42965
-0.47748,0.11089,0.42965
-0.47755,0.10860,0.43078
-0.47755,0.10860,0.43078
-0.47755,0.10860,0.43078
-0.47755,0.10860,0.43078
-0.47755,0.10860,0.43078
-0.47762,0.10624,0.43187
-0.47762,0.10624,0.43187
-0.47762,0.10624,0.43187
-0.47762,0.10624,0.43187
-0.47762,0.10624,0.43187
-0.47769,0.10391,0.43293
-0.47769,0.10391,0.43293
-0.47769,0.10391,0.43293
-0.47769,0.10391,0.43293
-0.47769,0.10391,0.43293
-0.47774,0.10161,0.43399
-0.47774,0.10161,0.43399
-0.47774,0.10161,0.43399
-0.47774,0.10161,0.43399
-0.47774,0.10161,0.43399
-0.47777,0.09930,0.43505
-0.47777,0.09930,0.43505
-0.47777,0.09930,0.43505
-0.47777,0.09930,0.43505
-0.47777,0.09930,0.43505
-0.47780,0.09691,0.43613
-0.47780,0.09691,0.43613
-0.47780,0.09691,0.43613
-0.47780,0.09691,0.43613
-0.47780,0.09691,0.43613
-0.47783,0.09451,0.43716
-0.47783,0.09451,0.43716
-0.47783,0.09451,0.43716
-0.47783,0.09451,0.43716
-0.47783,0.09451,0.43716
-0.47787,0.09214,0.43811
-0.47787,0.09214,0.43811
-0.47787,0.09214,0.43811
-0.47787,0.09214,0.43811
-0.47787,0.09214,0.43811
-0.47791,0.08977,0.43903
-0.47791,0.08977,0.43903
-0.47791,0.08977,0.43903
-0.47791,0.08977,0.43903
-0.47791,0.08977,0.43903
-0.47797,0.08736,0.43994
-0.47797,0.08736,0.43994
-0.47797,0.08736,0.43994
-0.47797,0.08736,0.43994
-0.47797,0.08736,0.43994
-0.47802,0.08494,0.44080
-0.47802,0.08494,0.44080
-0.47802,0.08494,0.44080
-0.47802,0.08494,0.44080
-0.47802,0.08494,0.44080
-0.47809,0.08256,0.44164
-0.47809,0.08256,0.44164
-0.47809,0.08256,0.44164
-0.47809,0.08256,0.44164
-0.47809,0.08256,0.44164
-0.47814,0.08014,0.44246
-0.47814,0.08014,0.44246
-0.47814,0.08014,0.44246
-0.47814,0.08014,0.44246
-0.47814,0.08014,0.44246
-0.47821,0.07768,0.44327
-0.47821,0.07768,0.44327
-0.47821,0.07768,0.44327
-0.47821,0.07768,0.44327
-0.47821,0.07768,0.44327
-0.47827,0.07521,0.44407
-0.47827,0.07521,0.44407
-0.47827,0.07521,0.44407
-0.47827,0.07521,0.44407
-0.47827,0.07521,0.44407
-0.47831,0.07277,0.44483
-0.47831,0.07277,0.44483
-0.47831,0.07277,0.44483
-0.47831,0.07277,0.44483
-0.47831,0.07277,0.44483
-0.47836,0.07031,0.44558
-0.47836,0.07031,0.44558
-0.47836,0.07031,0.44558
-0.47836,0.07031,0.44558
-0.47836,0.07031,0.44558
-0.47842,0.06780,0.44628
-0.47842,0.06780,0.44628
-0.47842,0.06780,0.44628
-0.47842,0.06780,0.44628
-0.47842,0.06780,0.44628
-0.47845,0.06530,0.44695
-0.47845,0.06530,0.44695
-0.47845,0.06530,0.44695
-0.47845,0.06530,0.44695
-0.47845,0.06530,0.44695
-0.47850,0.06282,0.44758
-0.47850,0.06282,0.44758
-0.47850,0.06282,0.44758
-0.47850,0.06282,0.44758
-0.47850,0.06282,0.44758
-0.47855,0.06031,0.44817
-0.47855,0.06031,0.44817
-0.47855,0.06031,0.44817
-0.47855,0.06031,0.44817
-0.47855,0.06031,0.44817
-0.47858,0.05775,0.44874
-0.47858,0.05775,0.44874
-0.47858,0.05775,0.44874
-0.47858,0.05775,0.44874
-0.47858,0.05775,0.44874
-0.47865,0.05522,0.44927
-0.47865,0.05522,0.44927
-0.47865,0.05522,0.44927
-0.47865,0.05522,0.44927
-0.47865,0.05522,0.44927
-0.47871,0.05270,0.44975
-0.47871,0.05270,0.44975
-0.47871,0.05270,0.44975
-0.47871,0.05270,0.44975
-0.47871,0.05270,0.44975
-0.47876,0.05014,0.45020
-0.47876,0.05014,0.45020
-0.47876,0.05014,0.45020
-0.47876,0.05014,0.45020
-0.47876,0.05014,0.45020
-0.47882,0.04755,0.45065
-0.47882,0.04755,0.45065
-0.47882,0.04755,0.45065
-0.47882,0.04755,0.45065
-0.47882,0.04755,0.45065
-0.47890,0.04500,0.45106
-0.47890,0.04500,0.45106
-0.47890,0.04500,0.45106
-0.47890,0.04500,0.45106
-0.47890,0.04500,0.45106
-0.47900,0.04244,0.45142
-0.47900,0.04244,0.45142
-0.47900,0.04244,0.45142
-0.47900,0.04244,0.45142
-0.47900,0.04244,0.45142
-0.47909,0.03983,0.45174
-0.47909,0.03983,0.45174
-0.47909,0.03983,0.45174
-0.47909,0.03983,0.45174
-0.47909,0.03983,0.45174
-0.47914,0.03721,0.45206
-0.47914,0.03721,0.45206
-0.47914,0.03721,0.45206
-0.47914,0.03721,0.45206
-0.47914,0.03721,0.45206
-0.47917,0.03463,0.45235
-0.47917,0.03463,0.45235
-0.47917,0.03463,0.45235
-0.47917,0.03463,0.45235
-0.47917,0.03463,0.45235
-0.47923,0.03204,0.45258
-0.47923,0.03204,0.45258
-0.47923,0.03204,0.45258
-0.47923,0.03204,0.45258
-0.47923,0.03204,0.45258
-0.47930,0.02941,0.45278
-0.47930,0.02941,0.45278
-0.47930,0.02941,0.45278
-0.47930,0.02941,0.45278
-0.47930,0.02941,0.45278
-0.47936,0.02678,0.45298
-0.47936,0.02678,0.45298
-0.47936,0.02678,0.45298
-0.47936,0.02678,0.45298
-0.47936,0.02678,0.45298
-0.47942,0.02417,0.45313
-0.47942,0.02417,0.45313
-0.47942,0.02417,0.45313
-0.47942,0.02417,0.45313
-0.47942,0.02417,0.45313
-0.47946,0.02155,0.45322
-0.47946,0.02155,0.45322
-0.47946,0.02155,0.45322
-0.47946,0.02155,0.45322
-0.47946,0.02155,0.45322
-0.47947,0.01889,0.45329
-0.47947,0.01889,0.45329
-0.47947,0.01889,0.45329
-0.47947,0.01889,0.45329
-0.47947,0.01889,0.45329
-0.47950,0.01626,0.45335
-0.47950,0.01626,0.45335
-0.47950,0.01626,0.45335
-0.47950,0.01626,0.45335
-0.47950,0.01626,0.45335
-0.47957,0.01363,0.45335
-0.47957,0.01363,0.45335
-0.47957,0.01363,0.45335
-0.47957,0.01363,0.45335
-0.47957,0.01363,0.45335
-0.47964,0.01098,0.45335
-0.47964,0.01098,0.45335
-0.47964,0.01098,0.45335
-0.47964,0.01098,0.45335
-0.47964,0.01098,0.45335
-0.47970,0.00833,0.45334
-0.47970,0.00833,0.45334
-0.47970,0.00833,0.45334
-0.47970,0.00833,0.45334
-0.47970,0.00833,0.45334
-0.47974,0.00569,0.45333
-0.47974,0.00569,0.45333
-0.47974,0.00569,0.45333
-0.47974,0.00569,0.45333
-0.47974,0.00569,0.45333
-0.47978,0.00306,0.45330
-0.47978,0.00306,0.45330
-0.47978,0.00306,0.45330
-0.47978,0.00306,0.45330
-0.47978,0.00306,0.45330
-0.47979,0.00040,0.45328
-0.47979,0.00040,0.45328
-0.47979,0.00040,0.45328
-0.47979,0.00040,0.45328
-0.47979,0.00040,0.45328
-0.47979,-0.00225,0.45326
-0.47979,-0.00225,0.45326
-0.47979,-0.00225,0.45326
-0.47979,-0.00225,0.45326
-0.47979,-0.00225,0.45326
-0.47978,-0.00489,0.45323
-0.47978,-0.00489,0.45323
-0.47978,-0.00489,0.45323
-0.47978,-0.00489,0.45323
-0.47978,-0.00489,0.45323
-0.47976,-0.00755,0.45319
-0.47976,-0.00755,0.45319
-0.47976,-0.00755,0.45319
-0.47976,-0.00755,0.45319
-0.47976,-0.00755,0.45319
-0.47972,-0.01021,0.45317
-0.47972,-0.01021,0.45317
-0.47972,-0.01021,0.45317
-0.47972,-0.01021,0.45317
-0.47972,-0.01021,0.45317
-0.47966,-0.01285,0.45313
-0.47966,-0.01285,0.45313
-0.47966,-0.01285,0.45313
-0.47966,-0.01285,0.45313
-0.47966,-0.01285,0.45313
-0.47960,-0.01548,0.45307
-0.47960,-0.01548,0.45307
-0.47960,-0.01548,0.45307
-0.47960,-0.01548,0.45307
-0.47960,-0.01548,0.45307
-0.47953,-0.01813,0.45299
-0.47953,-0.01813,0.45299
-0.47953,-0.01813,0.45299
-0.47953,-0.01813,0.45299
-0.47953,-0.01813,0.45299
-0.47945,-0.02077,0.45290
-0.47945,-0.02077,0.45290
-0.47945,-0.02077,0.45290
-0.47945,-0.02077,0.45290
-0.47945,-0.02077,0.45290
-0.47937,-0.02339,0.45278
-0.47937,-0.02339,0.45278
-0.47937,-0.02339,0.45278
-0.47937,-0.02339,0.45278
-0.47937,-0.02339,0.45278
-0.47927,-0.02602,0.45263
-0.47927,-0.02602,0.45263
-0.47927,-0.02602,0.45263
-0.47927,-0.02602,0.45263
-0.47927,-0.02602,0.45263
-0.47917,-0.02866,0.45246
-0.47917,-0.02866,0.45246
-0.47917,-0.02866,0.45246
-0.47917,-0.02866,0.45246
-0.47917,-0.02866,0.45246
-0.47906,-0.03127,0.45227
-0.47906,-0.03127,0.45227
-0.47906,-0.03127,0.45227
-0.47906,-0.03127,0.45227
-0.47906,-0.03127,0.45227
-0.47896,-0.03386,0.45203
-0.47896,-0.03386,0.45203
-0.47896,-0.03386,0.45203
-0.47896,-0.03386,0.45203
-0.47896,-0.03386,0.45203
-0.47884,-0.03648,0.45177
-0.47884,-0.03648,0.45177
-0.47884,-0.03648,0.45177
-0.47884,-0.03648,0.45177
-0.47884,-0.03648,0.45177
-0.47872,-0.03908,0.45150
-0.47872,-0.03908,0.45150
-0.47872,-0.03908,0.45150
-0.47872,-0.03908,0.45150
-0.47872,-0.03908,0.45150
-0.47859,-0.04166,0.45119
-0.47859,-0.04166,0.45119
-0.47859,-0.04166,0.45119
-0.47859,-0.04166,0.45119
-0.47859,-0.04166,0.45119
-0.47847,-0.04423,0.45083
-0.47847,-0.04423,0.45083
-0.47847,-0.04423,0.45083
-0.47847,-0.04423,0.45083
-0.47847,-0.04423,0.45083
-0.47834,-0.04682,0.45046
-0.47834,-0.04682,0.45046
-0.47834,-0.04682,0.45046
-0.47834,-0.04682,0.45046
-0.47834,-0.04682,0.45046
-0.47820,-0.04938,0.45006
-0.47820,-0.04938,0.45006
-0.47820,-0.04938,0.45006
-0.47820,-0.04938,0.45006
-0.47820,-0.04938,0.45006
-0.47807,-0.05192,0.44962
-0.47807,-0.05192,0.44962
-0.47807,-0.05192,0.44962
-0.47807,-0.05192,0.44962
-0.47807,-0.05192,0.44962
-0.47792,-0.05448,0.44915
-0.47792,-0.05448,0.44915
-0.47792,-0.05448,0.44915
-0.47792,-0.05448,0.44915
-0.47792,-0.05448,0.44915
-0.47777,-0.05702,0.44866
-0.47777,-0.05702,0.44866
-0.47777,-0.05702,0.44866
-0.47777,-0.05702,0.44866
-0.47777,-0.05702,0.44866
-0.47763,-0.05954,0.44811
-0.47763,-0.05954,0.44811
-0.47763,-0.05954,0.44811
-0.47763,-0.05954,0.44811
-0.47763,-0.05954,0.44811
-0.47747,-0.06203,0.44754
-0.47747,-0.06203,0.44754
-0.47747,-0.06203,0.44754
-0.47747,-0.06203,0.44754
-0.47747,-0.06203,0.44754
-0.47731,-0.06456,0.44694
-0.47731,-0.06456,0.44694
-0.47731,-0.06456,0.44694
-0.47731,-0.06456,0.44694
-0.47731,-0.06456,0.44694
-0.47716,-0.06706,0.44629
-0.47716,-0.06706,0.44629
-0.47716,-0.06706,0.44629
-0.47716,-0.06706,0.44629
-0.47716,-0.06706,0.44629
-0.47700,-0.06952,0.44563
-0.47700,-0.06952,0.44563
-0.47700,-0.06952,0.44563
-0.47700,-0.06952,0.44563
-0.47700,-0.06952,0.44563
-0.47683,-0.07197,0.44494
-0.47683,-0.07197,0.44494
-0.47683,-0.07197,0.44494
-0.47683,-0.07197,0.44494
-0.47683,-0.07197,0.44494
-0.47667,-0.07445,0.44419
-0.47667,-0.07445,0.44419
-0.47667,-0.07445,0.44419
-0.47667,-0.07445,0.44419
-0.47667,-0.07445,0.44419
-0.47649,-0.07691,0.44343
-0.47649,-0.07691,0.44343
-0.47649,-0.07691,0.44343
-0.47649,-0.07691,0.44343
-0.47649,-0.07691,0.44343
-0.47632,-0.07932,0.44268
-0.47632,-0.07932,0.44268
-0.47632,-0.07932,0.44268
-0.47632,-0.07932,0.44268
-0.47632,-0.07932,0.44268
-0.47615,-0.08173,0.44188
-0.47615,-0.08173,0.44188
-0.47615,-0.08173,0.44188
-0.47615,-0.08173,0.44188
-0.47615,-0.08173,0.44188
-0.47596,-0.08418,0.44110
-0.47596,-0.08418,0.44110
-0.47596,-0.08418,0.44110
-0.47596,-0.08418,0.44110
-0.47596,-0.08418,0.44110
-0.47577,-0.08657,0.44028
-0.47577,-0.08657,0.44028
-0.47577,-0.08657,0.44028
-0.47577,-0.08657,0.44028
-0.47577,-0.08657,0.44028
-0.47559,-0.08893,0.43945
-0.47559,-0.08893,0.43945
-0.47559,-0.08893,0.43945
-0.47559,-0.08893,0.43945
-0.47559,-0.08893,0.43945
-0.47540,-0.09129,0.43856
-0.47540,-0.09129,0.43856
-0.47540,-0.09129,0.43856
-0.47540,-0.09129,0.43856
-0.47540,-0.09129,0.43856
-0.47522,-0.09368,0.43765
-0.47522,-0.09368,0.43765
-0.47522,-0.09368,0.43765
-0.47522,-0.09368,0.43765
-0.47522,-0.09368,0.43765
-0.47506,-0.09602,0.43670
-0.47506,-0.09602,0.43670
-0.47506,-0.09602,0.43670
-0.47506,-0.09602,0.43670
-0.47506,-0.09602,0.43670
-0.47494,-0.09832,0.43571
-0.47494,-0.09832,0.43571
-0.47494,-0.09832,0.43571
-0.47494,-0.09832,0.43571
-0.47494,-0.09832,0.43571
-0.47484,-0.10064,0.43468
-0.47484,-0.10064,0.43468
-0.47484,-0.10064,0.43468
-0.47484,-0.10064,0.43468
-0.47484,-0.10064,0.43468
-0.47473,-0.10299,0.43364
-0.47473,-0.10299,0.43364
-0.47473,-0.10299,0.43364
-0.47473,-0.10299,0.43364
-0.47473,-0.10299,0.43364
-0.47464,-0.10529,0.43260
-0.47464,-0.10529,0.43260
-0.47464,-0.10529,0.43260
-0.47464,-0.10529,0.43260
-0.47464,-0.10529,0.43260
-0.47456,-0.10753,0.43156
-0.47456,-0.10753,0.43156
-0.47456,-0.10753,0.43156
-0.47456,-0.10753,0.43156
-0.47456,-0.10753,0.43156
-0.47449,-0.10978,0.43047
-0.47449,-0.10978,0.43047
-0.47449,-0.10978,0.43047
-0.47449,-0.10978,0.43047
-0.47449,-0.10978,0.43047
-0.47440,-0.11206,0.42937
-0.47440,-0.11206,0.42937
-0.47440,-0.11206,0.42937
-0.47440,-0.11206,0.42937
-0.47440,-0.11206,0.42937
-0.47433,-0.11430,0.42822
-0.47433,-0.11430,0.42822
-0.47433,-0.11430,0.42822
-0.47433,-0.11430,0.42822
-0.47433,-0.11430,0.42822
-0.47427,-0.11646,0.42700
-0.47427,-0.11646,0.42700
-0.47427,-0.11646,0.42700
-0.47427,-0.11646,0.42700
-0.47427,-0.11646,0.42700
-0.47420,-0.11862,0.42575
-0.47420,-0.11862,0.42575
-0.47420,-0.11862,0.42575
-0.47420,-0.11862,0.42575
-0.47420,-0.11862,0.42575
-0.47409,-0.12081,0.42446
-0.47409,-0.12081,0.42446
-0.47409,-0.12081,0.42446
-0.47409,-0.12081,0.42446
-0.47409,-0.12081,0.42446
-0.47398,-0.12299,0.42317
-0.47398,-0.12299,0.42317
-0.47398,-0.12299,0.42317
-0.47398,-0.12299,0.42317
-0.47398,-0.12299,0.42317
-0.47386,-0.12508,0.42190
-0.47386,-0.12508,0.42190
-0.47386,-0.12508,0.42190
-0.47386,-0.12508,0.42190
-0.47386,-0.12508,0.42190
-0.47375,-0.12715,0.42061
-0.47375,-0.12715,0.42061
-0.47375,-0.12715,0.42061
-0.47375,-0.12715,0.42061
-0.47375,-0.12715,0.42061
-0.47364,-0.12924,0.41930
-0.47364,-0.12924,0.41930
-0.47364,-0.12924,0.41930
-0.47364,-0.12924,0.41930
-0.47364,-0.12924,0.41930
-0.47353,-0.13137,0.41794
-0.47353,-0.13137,0.41794
-0.47353,-0.13137,0.41794
-0.47353,-0.13137,0.41794
-0.47353,-0.13137,0.41794
-0.47345,-0.13346,0.41653
-0.47345,-0.13346,0.41653
-0.47345,-0.13346,0.41653
-0.47345,-0.13346,0.41653
-0.47345,-0.13346,0.41653
-0.47341,-0.13548,0.41509
-0.47341,-0.13548,0.41509
-0.47341,-0.13548,0.41509
-0.47341,-0.13548,0.41509
-0.47341,-0.13548,0.41509
-0.47337,-0.13751,0.41366
-0.47337,-0.13751,0.41366
-0.47337,-0.13751,0.41366
-0.47337,-0.13751,0.41366
-0.47337,-0.13751,0.41366
-0.47331,-0.13958,0.41227
-0.47331,-0.13958,0.41227
-0.47331,-0.13958,0.41227
-0.47331,-0.13958,0.41227
-0.47331,-0.13958,0.41227
-0.47323,-0.14169,0.41089
-0.47323,-0.14169,0.41089
-0.47323,-0.14169,0.41089
-0.47323,-0.14169,0.41089
-0.47323,-0.14169,0.41089
-0.47316,-0.14373,0.40946
-0.47316,-0.14373,0.40946
-0.47316,-0.14373,0.40946
-0.47316,-0.14373,0.40946
-0.47316,-0.14373,0.40946
-0.47310,-0.14571,0.40799
-0.47310,-0.14571,0.40799
-0.47310,-0.14571,0.40799
-0.47310,-0.14571,0.40799
-0.47310,-0.14571,0.40799
-0.47304,-0.14768,0.40648
-0.47304,-0.14768,0.40648
-0.47304,-0.14768,0.40648
-0.47304,-0.14768,0.40648
-0.47304,-0.14768,0.40648
-0.47296,-0.14970,0.40493
-0.47296,-0.14970,0.40493
-0.47296,-0.14970,0.40493
-0.47296,-0.14970,0.40493
-0.47296,-0.14970,0.40493
-0.47286,-0.15177,0.40340
-0.47286,-0.15177,0.40340
-0.47286,-0.15177,0.40340
-0.47286,-0.15177,0.40340
-0.47286,-0.15177,0.40340
-0.47275,-0.15375,0.40193
-0.47275,-0.15375,0.40193
-0.47275,-0.15375,0.40193
-0.47275,-0.15375,0.40193
-0.47275,-0.15375,0.40193
-0.47265,-0.15565,0.40045
-0.47265,-0.15565,0.40045
-0.47265,-0.15565,0.40045
-0.47265,-0.15565,0.40045
-0.47265,-0.15565,0.40045
-0.47254,-0.15757,0.39889
-0.47254,-0.15757,0.39889
-0.47254,-0.15757,0.39889
-0.47254,-0.15757,0.39889
-0.47254,-0.15757,0.39889
-0.47240,-0.15958,0.39731
-0.47240,-0.15958,0.39731
-0.47240,-0.15958,0.39731
-0.47240,-0.15958,0.39731
-0.47240,-0.15958,0.39731
-0.47224,-0.16164,0.39570
-0.47224,-0.16164,0.39570
-0.47224,-0.16164,0.39570
-0.47224,-0.16164,0.39570
-0.47224,-0.16164,0.39570
-0.47216,-0.16357,0.39410
-0.47216,-0.16357,0.39410
-0.47216,-0.16357,0.39410
-0.47216,-0.16357,0.39410
-0.47216,-0.16357,0.39410
-0.47211,-0.16542,0.39256
-0.47211,-0.16542,0.39256
-0.47211,-0.16542,0.39256
-0.47211,-0.16542,0.39256
-0.47211,-0.16542,0.39256
-0.47203,-0.16731,0.39105
-0.47203,-0.16731,0.39105
-0.47203,-0.16731,0.39105
-0.47203,-0.16731,0.39105
-0.47203,-0.16731,0.39105
-0.47190,-0.16930,0.38948
-0.47190,-0.16930,0.38948
-0.47190,-0.16930,0.38948
-0.47190,-0.16930,0.38948
-0.47190,-0.16930,0.38948
-0.47175,-0.17135,0.38787
-0.47175,-0.17135,0.38787
-0.47175,-0.17135,0.38787
-0.47175,-0.17135,0.38787
-0.47175,-0.17135,0.38787
-0.47166,-0.17326,0.38623
-0.47166,-0.17326,0.38623
-0.47166,-0.17326,0.38623
-0.47166,-0.17326,0.38623
-0.47166,-0.17326,0.38623
-0.47162,-0.17509,0.38461
-0.47162,-0.17509,0.38461
-0.47162,-0.17509,0.38461
-0.47162,-0.17509,0.38461
-0.47162,-0.17509,0.38461
-0.47156,-0.17693,0.38303
-0.47156,-0.17693,0.38303
-0.47156,-0.17693,0.38303
-0.47156,-0.17693,0.38303
-0.47156,-0.17693,0.38303
-0.47143,-0.17887,0.38147
-0.47143,-0.17887,0.38147
-0.47143,-0.17887,0.38147
-0.47143,-0.17887,0.38147
-0.47143,-0.17887,0.38147
-0.47124,-0.18088,0.37983
-0.47124,-0.18088,0.37983
-0.47124,-0.18088,0.37983
-0.47124,-0.18088,0.37983
-0.47124,-0.18088,0.37983
-0.47109,-0.18278,0.37813
-0.47109,-0.18278,0.37813
-0.47109,-0.18278,0.37813
-0.47109,-0.18278,0.37813
-0.47109,-0.18278,0.37813
-0.47097,-0.18458,0.37641
-0.47097,-0.18458,0.37641
-0.47097,-0.18458,0.37641
-0.47097,-0.18458,0.37641
-0.47097,-0.18458,0.37641
-0.47087,-0.18635,0.37473
-0.47087,-0.18635,0.37473
-0.47087,-0.18635,0.37473
-0.47087,-0.18635,0.37473
-0.47087,-0.18635,0.37473
-0.47073,-0.18824,0.37310
-0.47073,-0.18824,0.37310
-0.47073,-0.18824,0.37310
-0.47073,-0.18824,0.37310
-0.47073,-0.18824,0.37310
-0.47055,-0.19019,0.37147
-0.47055,-0.19019,0.37147
-0.47055,-0.19019,0.37147
-0.47055,-0.19019,0.37147
-0.47055,-0.19019,0.37147
-0.47040,-0.19211,0.36977
-0.47040,-0.19211,0.36977
-0.47040,-0.19211,0.36977
-0.47040,-0.19211,0.36977
-0.47040,-0.19211,0.36977
-0.47029,-0.19392,0.36806
-0.47029,-0.19392,0.36806
-0.47029,-0.19392,0.36806
-0.47029,-0.19392,0.36806
-0.47029,-0.19392,0.36806
-0.47021,-0.19570,0.36636
-0.47021,-0.19570,0.36636
-0.47021,-0.19570,0.36636
-0.47021,-0.19570,0.36636
-0.47021,-0.19570,0.36636
-0.47014,-0.19752,0.36472
-0.47014,-0.19752,0.36472
-0.47014,-0.19752,0.36472
-0.47014,-0.19752,0.36472
-0.47014,-0.19752,0.36472
-0.47002,-0.19945,0.36311
-0.47002,-0.19945,0.36311
-0.47002,-0.19945,0.36311
-0.47002,-0.19945,0.36311
-0.47002,-0.19945,0.36311
-0.46987,-0.20137,0.36144
-0.46987,-0.20137,0.36144
-0.46987,-0.20137,0.36144
-0.46987,-0.20137,0.36144
-0.46987,-0.20137,0.36144
-0.46974,-0.20322,0.35971
-0.46974,-0.20322,0.35971
-0.46974,-0.20322,0.35971
-0.46974,-0.20322,0.35971
-0.46974,-0.20322,0.35971
-0.46963,-0.20498,0.35797
-0.46963,-0.20498,0.35797
-0.46963,-0.20498,0.35797
-0.46963,-0.20498,0.35797
-0.46963,-0.20498,0.35797
-0.46955,-0.20673,0.35628
-0.46955,-0.20673,0.35628
-0.46955,-0.20673,0.35628
-0.46955,-0.20673,0.35628
-0.46955,-0.20673,0.35628
-0.46943,-0.20856,0.35465
-0.46943,-0.20856,0.35465
-0.46943,-0.20856,0.35465
-0.46943,-0.20856,0.35465
-0.46943,-0.20856,0.35465
-0.46928,-0.21044,0.35296
-0.46928,-0.21044,0.35296
-0.46928,-0.21044,0.35296
-0.46928,-0.21044,0.35296
-0.46928,-0.21044,0.35296
-0.46911,-0.21228,0.35121
-0.46911,-0.21228,0.35121
-0.46911,-0.21228,0.35121
-0.46911,-0.21228,0.35121
-0.46911,-0.21228,0.35121
-0.46896,-0.21407,0.34942
-0.46896,-0.21407,0.34942
-0.46896,-0.21407,0.34942
-0.46896,-0.21407,0.34942
-0.46896,-0.21407,0.34942
-0.46884,-0.21582,0.34770
-0.46884,-0.21582,0.34770
-0.46884,-0.21582,0.34770
-0.46884,-0.21582,0.34770
-0.46884,-0.21582,0.34770
-0.46875,-0.21757,0.34605
-0.46875,-0.21757,0.34605
-0.46875,-0.21757,0.34605
-0.46875,-0.21757,0.34605
-0.46875,-0.21757,0.34605
-0.46864,-0.21936,0.34438
-0.46864,-0.21936,0.34438
-0.46864,-0.21936,0.34438
-0.46864,-0.21936,0.34438
-0.46864,-0.21936,0.34438
-0.46851,-0.22119,0.34263
-0.46851,-0.22119,0.34263
-0.46851,-0.22119,0.34263
-0.46851,-0.22119,0.34263
-0.46851,-0.22119,0.34263
-0.46837,-0.22302,0.34084
-0.46837,-0.22302,0.34084
-0.46837,-0.22302,0.34084
-0.46837,-0.22302,0.34084
-0.46837,-0.22302,0.34084
-0.46825,-0.22482,0.33910
-0.46825,-0.22482,0.33910
-0.46825,-0.22482,0.33910
-0.46825,-0.22482,0.33910
-0.46825,-0.22482,0.33910
-0.46816,-0.22658,0.33746
-0.46816,-0.22658,0.33746
-0.46816,-0.22658,0.33746
-0.46816,-0.22658,0.33746
-0.46816,-0.22658,0.33746
-0.46809,-0.22832,0.33580
-0.46809,-0.22832,0.33580
-0.46809,-0.22832,0.33580
-0.46809,-0.22832,0.33580
-0.46809,-0.22832,0.33580
-0.46799,-0.23008,0.33405
-0.46799,-0.23008,0.33405
-0.46799,-0.23008,0.33405
-0.46799,-0.23008,0.33405
-0.46799,-0.23008,0.33405
-0.46788,-0.23188,0.33226
-0.46788,-0.23188,0.33226
-0.46788,-0.23188,0.33226
-0.46788,-0.23188,0.33226
-0.46788,-0.23188,0.33226
-0.46776,-0.23368,0.33055
-0.46776,-0.23368,0.33055
-0.46776,-0.23368,0.33055
-0.46776,-0.23368,0.33055
-0.46776,-0.23368,0.33055
-0.46764,-0.23549,0.32890
-0.46764,-0.23549,0.32890
-0.46764,-0.23549,0.32890
-0.46764,-0.23549,0.32890
-0.46764,-0.23549,0.32890
-0.46755,-0.23727,0.32725
-0.46755,-0.23727,0.32725
-0.46755,-0.23727,0.32725
-0.46755,-0.23727,0.32725
-0.46755,-0.23727,0.32725
-0.46747,-0.23900,0.32552
-0.46747,-0.23900,0.32552
-0.46747,-0.23900,0.32552
-0.46747,-0.23900,0.32552
-0.46747,-0.23900,0.32552
-0.46737,-0.24072,0.32374
-0.46737,-0.24072,0.32374
-0.46737,-0.24072,0.32374
-0.46737,-0.24072,0.32374
-0.46737,-0.24072,0.32374
-0.46728,-0.24250,0.32204
-0.46728,-0.24250,0.32204
-0.46728,-0.24250,0.32204
-0.46728,-0.24250,0.32204
-0.46728,-0.24250,0.32204
-0.46716,-0.24432,0.32042
-0.46716,-0.24432,0.32042
-0.46716,-0.24432,0.32042
-0.46716,-0.24432,0.32042
-0.46716,-0.24432,0.32042
-0.46703,-0.24617,0.31875
-0.46703,-0.24617,0.31875
-0.46703,-0.24617,0.31875
-0.46703,-0.24617,0.31875
-0.46703,-0.24617,0.31875
-0.46693,-0.24795,0.31699
-0.46693,-0.24795,0.31699
-0.46693,-0.24795,0.31699
-0.46693,-0.24795,0.31699
-0.46693,-0.24795,0.31699
-0.46683,-0.24968,0.31523
-0.46683,-0.24968,0.31523
-0.46683,-0.24968,0.31523
-0.46683,-0.24968,0.31523
-0.46683,-0.24968,0.31523
-0.46674,-0.25141,0.31356
-0.46674,-0.25141,0.31356
-0.46674,-0.25141,0.31356
-0.46674,-0.25141,0.31356
-0.46674,-0.25141,0.31356
-0.46665,-0.25322,0.31197
-0.46665,-0.25322,0.31197
-0.46665,-0.25322,0.31197
-0.46665,-0.25322,0.31197
-0.46665,-0.25322,0.31197
-0.46653,-0.25505,0.31031
-0.46653,-0.25505,0.31031
-0.46653,-0.25505,0.31031
-0.46653,-0.25505,0.31031
-0.46653,-0.25505,0.31031
-0.46643,-0.25689,0.30858
-0.46643,-0.25689,0.30858
-0.46643,-0.25689,0.30858
-0.46643,-0.25689,0.30858
-0.46643,-0.25689,0.30858
-0.46633,-0.25872,0.30684
-0.46633,-0.25872,0.30684
-0.46633,-0.25872,0.30684
-0.46633,-0.25872,0.30684
-0.46633,-0.25872,0.30684
-0.46629,-0.26052,0.30528
-0.46629,-0.26052,0.30528
-0.46629,-0.26052,0.30528
-0.46629,-0.26052,0.30528
-0.46629,-0.26052,0.30528
-0.46628,-0.26231,0.30374
-0.46628,-0.26231,0.30374
-0.46628,-0.26231,0.30374
-0.46628,-0.26231,0.30374
-0.46628,-0.26231,0.30374
-0.46623,-0.26410,0.30208
-0.46623,-0.26410,0.30208
-0.46623,-0.26410,0.30208
-0.46623,-0.26410,0.30208
-0.46623,-0.26410,0.30208
-0.46614,-0.26592,0.30036
-0.46614,-0.26592,0.30036
-0.46614,-0.26592,0.30036
-0.46614,-0.26592,0.30036
-0.46614,-0.26592,0.30036
-0.46603,-0.26776,0.29869
-0.46603,-0.26776,0.29869
-0.46603,-0.26776,0.29869
-0.46603,-0.26776,0.29869
-0.46603,-0.26776,0.29869
-0.46593,-0.26961,0.29715
-0.46593,-0.26961,0.29715
-0.46593,-0.26961,0.29715
-0.46593,-0.26961,0.29715
-0.46593,-0.26961,0.29715
-0.46586,-0.27145,0.29560
-0.46586,-0.27145,0.29560
-0.46586,-0.27145,0.29560
-0.46586,-0.27145,0.29560
-0.46586,-0.27145,0.29560
-0.46579,-0.27325,0.29393
-0.46579,-0.27325,0.29393
-0.46579,-0.27325,0.29393
-0.46579,-0.27325,0.29393
-0.46579,-0.27325,0.29393
-0.46574,-0.27504,0.29224
-0.46574,-0.27504,0.29224
-0.46574,-0.27504,0.29224
-0.46574,-0.27504,0.29224
-0.46574,-0.27504,0.29224
-0.46571,-0.27689,0.29072
-0.46571,-0.27689,0.29072
-0.46571,-0.27689,0.29072
-0.46571,-0.27689,0.29072
-0.46571,-0.27689,0.29072
-0.46567,-0.27880,0.28925
-0.46567,-0.27880,0.28925
-0.46567,-0.27880,0.28925
-0.46567,-0.27880,0.28925
-0.46567,-0.27880,0.28925
-0.46559,-0.28072,0.28770
-0.46559,-0.28072,0.28770
-0.46559,-0.28072,0.28770
-0.46559,-0.28072,0.28770
-0.46559,-0.28072,0.28770
-0.46547,-0.28263,0.28603
-0.46547,-0.28263,0.28603
-0.46547,-0.28263,0.28603
-0.46547,-0.28263,0.28603
-0.46547,-0.28263,0.28603
-0.46540,-0.28448,0.28444
-0.46540,-0.28448,0.28444
-0.46540,-0.28448,0.28444
-0.46540,-0.28448,0.28444
-0.46540,-0.28448,0.28444
-0.46537,-0.28634,0.28300
-0.46537,-0.28634,0.28300
-0.46537,-0.28634,0.28300
-0.46537,-0.28634,0.28300
-0.46537,-0.28634,0.28300
-0.46534,-0.28821,0.28155
-0.46534,-0.28821,0.28155
-0.46534,-0.28821,0.28155
-0.46534,-0.28821,0.28155
-0.46534,-0.28821,0.28155
-0.46527,-0.29015,0.28003
-0.46527,-0.29015,0.28003
-0.46527,-0.29015,0.28003
-0.46527,-0.29015,0.28003
-0.46527,-0.29015,0.28003
-0.46521,-0.29213,0.27846
-0.46521,-0.29213,0.27846
-0.46521,-0.29213,0.27846
-0.46521,-0.29213,0.27846
-0.46521,-0.29213,0.27846
-0.46515,-0.29411,0.27698
-0.46515,-0.29411,0.27698
-0.46515,-0.29411,0.27698
-0.46515,-0.29411,0.27698
-0.46515,-0.29411,0.27698
-0.46510,-0.29607,0.27560
-0.46510,-0.29607,0.27560
-0.46510,-0.29607,0.27560
-0.46510,-0.29607,0.27560
-0.46510,-0.29607,0.27560
-0.46510,-0.29802,0.27418
-0.46510,-0.29802,0.27418
-0.46510,-0.29802,0.27418
-0.46510,-0.29802,0.27418
-0.46510,-0.29802,0.27418
-0.46508,-0.29996,0.27268
-0.46508,-0.29996,0.27268
-0.46508,-0.29996,0.27268
-0.46508,-0.29996,0.27268
-0.46508,-0.29996,0.27268
-0.46504,-0.30193,0.27119
-0.46504,-0.30193,0.27119
-0.46504,-0.30193,0.27119
-0.46504,-0.30193,0.27119
-0.46504,-0.30193,0.27119
-0.46503,-0.30397,0.26987
-0.46503,-0.30397,0.26987
-0.46503,-0.30397,0.26987
-0.46503,-0.30397,0.26987
-0.46503,-0.30397,0.26987
-0.46496,-0.30602,0.26856
-0.46496,-0.30602,0.26856
-0.46496,-0.30602,0.26856
-0.46496,-0.30602,0.26856
-0.46496,-0.30602,0.26856
-0.46486,-0.30805,0.26713
-0.46486,-0.30805,0.26713
-0.46486,-0.30805,0.26713
-0.46486,-0.30805,0.26713
-0.46486,-0.30805,0.26713
-0.46478,-0.31004,0.26566
-0.46478,-0.31004,0.26566
-0.46478,-0.31004,0.26566
-0.46478,-0.31004,0.26566
-0.46478,-0.31004,0.26566
-0.46474,-0.31201,0.26430
-0.46474,-0.31201,0.26430
-0.46474,-0.31201,0.26430
-0.46474,-0.31201,0.26430
-0.46474,-0.31201,0.26430
-0.46473,-0.31405,0.26309
-0.46473,-0.31405,0.26309
-0.46473,-0.31405,0.26309
-0.46473,-0.31405,0.26309
-0.46473,-0.31405,0.26309
-0.46467,-0.31615,0.26183
-0.46467,-0.31615,0.26183
-0.46467,-0.31615,0.26183
-0.46467,-0.31615,0.26183
-0.46467,-0.31615,0.26183
-0.46456,-0.31828,0.26049
-0.46456,-0.31828,0.26049
-0.46456,-0.31828,0.26049
-0.46456,-0.31828,0.26049
-0.46456,-0.31828,0.26049
-0.46444,-0.32039,0.25912
-0.46444,-0.32039,0.25912
-0.46444,-0.32039,0.25912
-0.46444,-0.32039,0.25912
-0.46444,-0.32039,0.25912
-0.46442,-0.32248,0.25794
-0.46442,-0.32248,0.25794
-0.46442,-0.32248,0.25794
-0.46442,-0.32248,0.25794
-0.46442,-0.32248,0.25794
-0.46445,-0.32457,0.25686
-0.46445,-0.32457,0.25686
-0.46445,-0.32457,0.25686
-0.46445,-0.32457,0.25686
-0.46445,-0.32457,0.25686
-0.46446,-0.32670,0.25572
-0.46446,-0.32670,0.25572
-0.46446,-0.32670,0.25572
-0.46446,-0.32670,0.25572
-0.46446,-0.32670,0.25572
-0.46438,-0.32889,0.25447
-0.46438,-0.32889,0.25447
-0.46438,-0.32889,0.25447
-0.46438,-0.32889,0.25447
-0.46438,-0.32889,0.25447
-0.46431,-0.33111,0.25326
-0.46431,-0.33111,0.25326
-0.46431,-0.33111,0.25326
-0.46431,-0.33111,0.25326
-0.46431,-0.33111,0.25326
-0.46428,-0.33337,0.25223
-0.46428,-0.33337,0.25223
-0.46428,-0.33337,0.25223
-0.46428,-0.33337,0.25223
-0.46428,-0.33337,0.25223
-0.46433,-0.33562,0.25127
-0.46433,-0.33562,0.25127
-0.46433,-0.33562,0.25127
-0.46433,-0.33562,0.25127
-0.46433,-0.33562,0.25127
-0.46434,-0.33780,0.25017
-0.46434,-0.33780,0.25017
-0.46434,-0.33780,0.25017
-0.46434,-0.33780,0.25017
-0.46434,-0.33780,0.25017
-0.46431,-0.33999,0.24900
-0.46431,-0.33999,0.24900
-0.46431,-0.33999,0.24900
-0.46431,-0.33999,0.24900
-0.46431,-0.33999,0.24900
-0.46427,-0.34228,0.24795
-0.46427,-0.34228,0.24795
-0.46427,-0.34228,0.24795
-0.46427,-0.34228,0.24795
-0.46427,-0.34228,0.24795
-0.46423,-0.34464,0.24706
-0.46423,-0.34464,0.24706
-0.46423,-0.34464,0.24706
-0.46423,-0.34464,0.24706
-0.46423,-0.34464,0.24706
-0.46417,-0.34699,0.24610
-0.46417,-0.34699,0.24610
-0.46417,-0.34699,0.24610
-0.46417,-0.34699,0.24610
-0.46417,-0.34699,0.24610
-0.46410,-0.34926,0.24502
-0.46410,-0.34926,0.24502
-0.46410,-0.34926,0.24502
-0.46410,-0.34926,0.24502
-0.46410,-0.34926,0.24502
-0.46407,-0.35149,0.24395
-0.46407,-0.35149,0.24395
-0.46407,-0.35149,0.24395
-0.46407,-0.35149,0.24395
-0.46407,-0.35149,0.24395
-0.46406,-0.35376,0.24302
-0.46406,-0.35376,0.24302
-0.46406,-0.35376,0.24302
-0.46406,-0.35376,0.24302
-0.46406,-0.35376,0.24302
-0.46398,-0.35612,0.24217
-0.46398,-0.35612,0.24217
-0.46398,-0.35612,0.24217
-0.46398,-0.35612,0.24217
-0.46398,-0.35612,0.24217
-0.46384,-0.35853,0.24124
-0.46384,-0.35853,0.24124
-0.46384,-0.35853,0.24124
-0.46384,-0.35853,0.24124
-0.46384,-0.35853,0.24124
-0.46367,-0.36093,0.24026
-0.46367,-0.36093,0.24026
-0.46367,-0.36093,0.24026
-0.46367,-0.36093,0.24026
-0.46367,-0.36093,0.24026
-0.46357,-0.36328,0.23932
-0.46357,-0.36328,0.23932
-0.46357,-0.36328,0.23932
-0.46357,-0.36328,0.23932
-0.46357,-0.36328,0.23932
-0.46354,-0.36557,0.23851
-0.46354,-0.36557,0.23851
-0.46354,-0.36557,0.23851
-0.46354,-0.36557,0.23851
-0.46354,-0.36557,0.23851
-0.46347,-0.36790,0.23773
-0.46347,-0.36790,0.23773
-0.46347,-0.36790,0.23773
-0.46347,-0.36790,0.23773
-0.46347,-0.36790,0.23773
-0.46331,-0.37035,0.23696
-0.46331,-0.37035,0.23696
-0.46331,-0.37035,0.23696
-0.46331,-0.37035,0.23696
-0.46331,-0.37035,0.23696
-0.46310,-0.37287,0.23617
-0.46310,-0.37287,0.23617
-0.46310,-0.37287,0.23617
-0.46310,-0.37287,0.23617
-0.46310,-0.37287,0.23617
-0.46290,-0.37535,0.23537
-0.46290,-0.37535,0.23537
-0.46290,-0.37535,0.23537
-0.46290,-0.37535,0.23537
-0.46290,-0.37535,0.23537
-0.46277,-0.37775,0.23463
-0.46277,-0.37775,0.23463
-0.46277,-0.37775,0.23463
-0.46277,-0.37775,0.23463
-0.46277,-0.37775,0.23463
-0.46270,-0.38011,0.23402
-0.46270,-0.38011,0.23402
-0.46270,-0.38011,0.23402
-0.46270,-0.38011,0.23402
-0.46270,-0.38011,0.23402
-0.46262,-0.38255,0.23347
-0.46262,-0.38255,0.23347
-0.46262,-0.38255,0.23347
-0.46262,-0.38255,0.23347
-0.46262,-0.38255,0.23347
-0.46241,-0.38506,0.23285
-0.46241,-0.38506,0.23285
-0.46241,-0.38506,0.23285
-0.46241,-0.38506,0.23285
-0.46241,-0.38506,0.23285
-0.46214,-0.38759,0.23219
-0.46214,-0.38759,0.23219
-0.46214,-0.38759,0.23219
-0.46214,-0.38759,0.23219
-0.46214,-0.38759,0.23219
-0.46190,-0.39010,0.23160
-0.46190,-0.39010,0.23160
-0.46190,-0.39010,0.23160
-0.46190,-0.39010,0.23160
-0.46190,-0.39010,0.23160
-0.46179,-0.39259,0.23120
-0.46179,-0.39259,0.23120
-0.46179,-0.39259,0.23120
-0.46179,-0.39259,0.23120
-0.46179,-0.39259,0.23120
-0.46168,-0.39500,0.23080
-0.46168,-0.39500,0.23080
-0.46168,-0.39500,0.23080
-0.46168,-0.39500,0.23080
-0.46168,-0.39500,0.23080
-0.46150,-0.39746,0.23037
-0.46150,-0.39746,0.23037
-0.46150,-0.39746,0.23037
-0.46150,-0.39746,0.23037
-0.46150,-0.39746,0.23037
-0.46124,-0.40002,0.22998
-0.46124,-0.40002,0.22998
-0.46124,-0.40002,0.22998
-0.46124,-0.40002,0.22998
-0.46124,-0.40002,0.22998
-0.46097,-0.40262,0.22967
-0.46097,-0.40262,0.22967
-0.46097,-0.40262,0.22967
-0.46097,-0.40262,0.22967
-0.46097,-0.40262,0.22967
-0.46071,-0.40508,0.22930
-0.46071,-0.40508,0.22930
-0.46071,-0.40508,0.22930
-0.46071,-0.40508,0.22930
-0.46071,-0.40508,0.22930
-0.46058,-0.40741,0.22904
-0.46058,-0.40741,0.22904
-0.46058,-0.40741,0.22904
-0.46058,-0.40741,0.22904
-0.46058,-0.40741,0.22904
-0.46052,-0.40965,0.22889
-0.46052,-0.40965,0.22889
-0.46052,-0.40965,0.22889
-0.46052,-0.40965,0.22889
-0.46052,-0.40965,0.22889
-0.46039,-0.41183,0.22875
-0.46039,-0.41183,0.22875
-0.46039,-0.41183,0.22875
-0.46039,-0.41183,0.22875
-0.46039,-0.41183,0.22875
-0.46011,-0.41392,0.22854
-0.46011,-0.41392,0.22854
-0.46011,-0.41392,0.22854
-0.46011,-0.41392,0.22854
-0.46011,-0.41392,0.22854
-0.45984,-0.41581,0.22833
-0.45984,-0.41581,0.22833
-0.45984,-0.41581,0.22833
-0.45984,-0.41581,0.22833
-0.45984,-0.41581,0.22833
-0.45963,-0.41745,0.22815
-0.45963,-0.41745,0.22815
-0.45963,-0.41745,0.22815
-0.45963,-0.41745,0.22815
-0.45963,-0.41745,0.22815
-0.45957,-0.41881,0.22799
-0.45957,-0.41881,0.22799
-0.45957,-0.41881,0.22799
-0.45957,-0.41881,0.22799
-0.45957,-0.41881,0.22799
-0.45959,-0.41995,0.22786
-0.45959,-0.41995,0.22786
-0.45959,-0.41995,0.22786
-0.45959,-0.41995,0.22786
-0.45959,-0.41995,0.22786
-0.45967,-0.42092,0.22775
-0.45967,-0.42092,0.22775
-0.45967,-0.42092,0.22775
-0.45967,-0.42092,0.22775
-0.45967,-0.42092,0.22775
-0.45981,-0.42181,0.22773
-0.45981,-0.42181,0.22773
-0.45981,-0.42181,0.22773
-0.45981,-0.42181,0.22773
-0.45981,-0.42181,0.22773
-0.46005,-0.42253,0.22772
-0.46005,-0.42253,0.22772
-0.46005,-0.42253,0.22772
-0.46005,-0.42253,0.22772
-0.46005,-0.42253,0.22772
-0.46038,-0.42320,0.22783
-0.46038,-0.42320,0.22783
-0.46038,-0.42320,0.22783
-0.46038,-0.42320,0.22783
-0.46038,-0.42320,0.22783
-0.46081,-0.42372,0.22798
-0.46081,-0.42372,0.22798
-0.46081,-0.42372,0.22798
-0.46081,-0.42372,0.22798
-0.46081,-0.42372,0.22798
-0.46120,-0.42417,0.22813
-0.46120,-0.42417,0.22813
-0.46120,-0.42417,0.22813
-0.46120,-0.42417,0.22813
-0.46120,-0.42417,0.22813
-0.46153,-0.42456,0.22827
-0.46153,-0.42456,0.22827
-0.46153,-0.42456,0.22827
-0.46153,-0.42456,0.22827
-0.46153,-0.42456,0.22827
-0.46186,-0.42489,0.22846
-0.46186,-0.42489,0.22846
-0.46186,-0.42489,0.22846
-0.46186,-0.42489,0.22846
-0.46186,-0.42489,0.22846
-0.46206,-0.42516,0.22861
-0.46206,-0.42516,0.22861
-0.46206,-0.42516,0.22861
-0.46206,-0.42516,0.22861
-0.46206,-0.42516,0.22861
-0.46220,-0.42533,0.22875
-0.46220,-0.42533,0.22875
-0.46220,-0.42533,0.22875
-0.46220,-0.42533,0.22875
-0.46220,-0.42533,0.22875
-0.46224,-0.42547,0.22887
-0.46224,-0.42547,0.22887
-0.46224,-0.42547,0.22887
-0.46224,-0.42547,0.22887
-0.46224,-0.42547,0.22887
-0.46218,-0.42557,0.22896
-0.46218,-0.42557,0.22896
-0.46218,-0.42557,0.22896
-0.46218,-0.42557,0.22896
-0.46218,-0.42557,0.22896
-0.46203,-0.42561,0.22900
-0.46203,-0.42561,0.22900
-0.46203,-0.42561,0.22900
-0.46203,-0.42561,0.22900
-0.46203,-0.42561,0.22900
-0.46184,-0.42568,0.22903
-0.46184,-0.42568,0.22903
-0.46184,-0.42568,0.22903
-0.46184,-0.42568,0.22903
-0.46184,-0.42568,0.22903
-0.46167,-0.42576,0.22907
-0.46167,-0.42576,0.22907
-0.46167,-0.42576,0.22907
-0.46167,-0.42576,0.22907
-0.46167,-0.42576,0.22907
-0.46153,-0.42583,0.22911
-0.46153,-0.42583,0.22911
-0.46153,-0.42583,0.22911
-0.46153,-0.42583,0.22911
-0.46153,-0.42583,0.22911
-0.46143,-0.42588,0.22914
-0.46143,-0.42588,0.22914
-0.46143,-0.42588,0.22914
-0.46143,-0.42588,0.22914
-0.46143,-0.42588,0.22914
-0.46134,-0.42593,0.22919
-0.46134,-0.42593,0.22919
-0.46134,-0.42593,0.22919
-0.46134,-0.42593,0.22919
-0.46134,-0.42593,0.22919
-0.46129,-0.42597,0.22925
-0.46129,-0.42597,0.22925
-0.46129,-0.42597,0.22925
-0.46129,-0.42597,0.22925
-0.46129,-0.42597,0.22925
-0.46127,-0.42600,0.22930
-0.46127,-0.42600,0.22930
-0.46127,-0.42600,0.22930
-0.46127,-0.42600,0.22930
-0.46127,-0.42600,0.22930
-0.46128,-0.42600,0.22935
-0.46128,-0.42600,0.22935
-0.46128,-0.42600,0.22935
-0.46128,-0.42600,0.22935
-0.46128,-0.42600,0.22935
-0.46129,-0.42600,0.22938
-0.46129,-0.42600,0.22938
-0.46129,-0.42600,0.22938
-0.46129,-0.42600,0.22938
-0.46129,-0.42600,0.22938
-0.46129,-0.42600,0.22941
-0.46129,-0.42600,0.22941
-0.46129,-0.42600,0.22941
-0.46129,-0.42600,0.22941
-0.46129,-0.42600,0.22941
-0.46130,-0.42600,0.22944
-0.46130,-0.42600,0.22944
-0.46130,-0.42600,0.22944
-0.46130,-0.42600,0.22944
-0.46130,-0.42600,0.22944
-0.46131,-0.42599,0.22945
-0.46131,-0.42599,0.22945
-0.46131,-0.42599,0.22945
-0.46131,-0.42599,0.22945
-0.46131,-0.42599,0.22945
-0.46133,-0.42597,0.22947
-0.46133,-0.42597,0.22947
-0.46133,-0.42597,0.22947
-0.46133,-0.42597,0.22947
-0.46133,-0.42597,0.22947
-0.46134,-0.42596,0.22948
-0.46134,-0.42596,0.22948
-0.46134,-0.42596,0.22948
-0.46134,-0.42596,0.22948
-0.46134,-0.42596,0.22948
-0.46136,-0.42595,0.22948
-0.46136,-0.42595,0.22948
-0.46136,-0.42595,0.22948
-0.46136,-0.42595,0.22948
-0.46136,-0.42595,0.22948
-0.46136,-0.42594,0.22948
-0.46136,-0.42594,0.22948
-0.46136,-0.42594,0.22948
-0.46136,-0.42594,0.22948
-0.46136,-0.42594,0.22948
-0.46136,-0.42594,0.22948
-0.46136,-0.42594,0.22948
-0.46136,-0.42594,0.22948
-0.46136,-0.42594,0.22948
-0.46136,-0.42594,0.22948
-0.46136,-0.42594,0.22948
