-0.46136,-0.42594,0.22947
-0.46136,-0.42594,0.22947
-0.46136,-0.42594,0.22947
-0.46136,-0.42594,0.22947
-0.46136,-0.42594,0.22947
-0.46136,-0.42594,0.22947
-0.46136,-0.42594,0.22947
-0.46136,-0.42594,0.22947
-0.46136,-0.42594,0.22947
-0.46136,-0.42594,0.22947
-0.46136,-0.42594,0.22947
-0.46136,-0.42594,0.22947
-0.46136,-0.42594,0.22947
-0.46136,-0.42594,0.22947
-0.46136,-0.42594,0.22947
-0.46136,-0.42594,0.22947
-0.46136,-0.42594,0.22947
-0.46136,-0.42594,0.22947
-0.46136,-0.42594,0.22947
-0.46136,-0.42594,0.22947
-0.46136,-0.42594,0.22947
-0.46136,-0.42594,0.22947
-0.46136,-0.42594,0.22947
-0.46136,-0.42594,0.22947
-0.46136,-0.42594,0.22947
-0.46136,-0.42594,0.22947
-0.46136,-0.42594,0.22947
-0.46136,-0.42594,0.22947
-0.46136,-0.42594,0.22947
-0.46136,-0.42594,0.22947
-0.46136,-0.42594,0.22947
-0.46136,-0.42594,0.22947
-0.46136,-0.42594,0.22947
-0.46165,-0.42555,0.22948
-0.46165,-0.42555,0.22948
-0.46165,-0.42555,0.22948
-0.46165,-0.42555,0.22948
-0.46165,-0.42555,0.22948
-0.46221,-0.42458,0.22953
-0.46221,-0.42458,0.22953
-0.46221,-0.42458,0.22953
-0.46221,-0.42458,0.22953
-0.46221,-0.42458,0.22953
-0.46251,-0.42352,0.22942
-0.46251,-0.42352,0.22942
-0.46251,-0.42352,0.22942
-0.46251,-0.42352,0.22942
-0.46251,-0.42352,0.22942
-0.46280,-0.42219,0.22935
-0.46280,-0.42219,0.22935
-0.46280,-0.42219,0.22935
-0.46280,-0.42219,0.22935
-0.46280,-0.42219,0.22935
-0.46329,-0.42042,0.22935
-0.46329,-0.42042,0.22935
-0.46329,-0.42042,0.22935
-0.46329,-0.42042,0.22935
-0.46329,-0.42042,0.22935
-0.46408,-0.41827,0.22940
-0.46408,-0.41827,0.22940
-0.46408,-0.41827,0.22940
-0.46408,-0.41827,0.22940
-0.46408,-0.41827,0.22940
-0.46488,-0.41604,0.22939
-0.46488,-0.41604,0.22939
-0.46488,-0.41604,0.22939
-0.46488,-0.41604,0.22939
-0.46488,-0.41604,0.22939
-0.46573,-0.41386,0.22958
-0.46573,-0.41386,0.22958
-0.46573,-0.41386,0.22958
-0.46573,-0.41386,0.22958
-0.46573,-0.41386,0.22958
-0.46652,-0.41177,0.22976
-0.46652,-0.41177,0.22976
-0.46652,-0.41177,0.22976
-0.46652,-0.41177,0.22976
-0.46652,-0.41177,0.22976
-0.46744,-0.40966,0.23007
-0.46744,-0.40966,0.23007
-0.46744,-0.40966,0.23007
-0.46744,-0.40966,0.23007
-0.46744,-0.40966,0.23007
-0.46844,-0.40754,0.23056
-0.46844,-0.40754,0.23056
-0.46844,-0.40754,0.23056
-0.46844,-0.40754,0.23056
-0.46844,-0.40754,0.23056
-0.46934,-0.40542,0.23111
-0.46934,-0.40542,0.23111
-0.46934,-0.40542,0.23111
-0.46934,-0.40542,0.23111
-0.46934,-0.40542,0.23111
-0.47023,-0.40335,0.23183
-0.47023,-0.40335,0.23183
-0.47023,-0.40335,0.23183
-0.47023,-0.40335,0.23183
-0.47023,-0.40335,0.23183
-0.47095,-0.40137,0.23252
-0.47095,-0.40137,0.23252
-0.47095,-0.40137,0.23252
-0.47095,-0.40137,0.23252
-0.47095,-0.40137,0.23252
-0.47148,-0.39940,0.23307
-0.47148,-0.39940,0.23307
-0.47148,-0.39940,0.23307
-0.47148,-0.39940,0.23307
-0.47148,-0.39940,0.23307
-0.47193,-0.39748,0.23372
-0.47193,-0.39748,0.23372
-0.47193,-0.39748,0.23372
-0.47193,-0.39748,0.23372
-0.47193,-0.39748,0.23372
-0.47228,-0.39560,0.23436
-0.47228,-0.39560,0.23436
-0.47228,-0.39560,0.23436
-0.47228,-0.39560,0.23436
-0.47228,-0.39560,0.23436
-0.47257,-0.39374,0.23500
-0.47257,-0.39374,0.23500
-0.47257,-0.39374,0.23500
-0.47257,-0.39374,0.23500
-0.47257,-0.39374,0.23500
-0.47283,-0.39187,0.23567
-0.47283,-0.39187,0.23567
-0.47283,-0.39187,0.23567
-0.47283,-0.39187,0.23567
-0.47283,-0.39187,0.23567
-0.47307,-0.38996,0.23640
-0.47307,-0.38996,0.23640
-0.47307,-0.38996,0.23640
-0.47307,-0.38996,0.23640
-0.47307,-0.38996,0.23640
-0.47322,-0.38799,0.23706
-0.47322,-0.38799,0.23706
-0.47322,-0.38799,0.23706
-0.47322,-0.38799,0.23706
-0.47322,-0.38799,0.23706
-0.47335,-0.38597,0.23767
-0.47335,-0.38597,0.23767
-0.47335,-0.38597,0.23767
-0.47335,-0.38597,0.23767
-0.47335,-0.38597,0.23767
-0.47349,-0.38391,0.23833
-0.47349,-0.38391,0.23833
-0.47349,-0.38391,0.23833
-0.47349,-0.38391,0.23833
-0.47349,-0.38391,0.23833
-0.47366,-0.38180,0.23908
-0.47366,-0.38180,0.23908
-0.47366,-0.38180,0.23908
-0.47366,-0.38180,0.23908
-0.47366,-0.38180,0.23908
-0.47378,-0.37969,0.23978
-0.47378,-0.37969,0.23978
-0.47378,-0.37969,0.23978
-0.47378,-0.37969,0.23978
-0.47378,-0.37969,0.23978
-0.47386,-0.37764,0.24061
-0.47386,-0.37764,0.24061
-0.47386,-0.37764,0.24061
-0.47386,-0.37764,0.24061
-0.47386,-0.37764,0.24061
-0.47399,-0.37558,0.24151
-0.47399,-0.37558,0.24151
-0.47399,-0.37558,0.24151
-0.47399,-0.37558,0.24151
-0.47399,-0.37558,0.24151
-0.47414,-0.37345,0.24233
-0.47414,-0.37345,0.24233
-0.47414,-0.37345,0.24233
-0.47414,-0.37345,0.24233
-0.47414,-0.37345,0.24233
-0.47433,-0.37128,0.24313
-0.47433,-0.37128,0.24313
-0.47433,-0.37128,0.24313
-0.47433,-0.37128,0.24313
-0.47433,-0.37128,0.24313
-0.47449,-0.36911,0.24400
-0.47449,-0.36911,0.24400
-0.47449,-0.36911,0.24400
-0.47449,-0.36911,0.24400
-0.47449,-0.36911,0.24400
-0.47462,-0.36707,0.24502
-0.47462,-0.36707,0.24502
-0.47462,-0.36707,0.24502
-0.47462,-0.36707,0.24502
-0.47462,-0.36707,0.24502
-0.47472,-0.36505,0.24607
-0.47472,-0.36505,0.24607
-0.47472,-0.36505,0.24607
-0.47472,-0.36505,0.24607
-0.47472,-0.36505,0.24607
-0.47485,-0.36297,0.24709
-0.47485,-0.36297,0.24709
-0.47485,-0.36297,0.24709
-0.47485,-0.36297,0.24709
-0.47485,-0.36297,0.24709
-0.47497,-0.36080,0.24802
-0.47497,-0.36080,0.24802
-0.47497,-0.36080,0.24802
-0.47497,-0.36080,0.24802
-0.47497,-0.36080,0.24802
-0.47510,-0.35861,0.24897
-0.47510,-0.35861,0.24897
-0.47510,-0.35861,0.24897
-0.47510,-0.35861,0.24897
-0.47510,-0.35861,0.24897
-0.47530,-0.35642,0.25012
-0.47530,-0.35642,0.25012
-0.47530,-0.35642,0.25012
-0.47530,-0.35642,0.25012
-0.47530,-0.35642,0.25012
-0.47548,-0.35423,0.25130
-0.47548,-0.35423,0.25130
-0.47548,-0.35423,0.25130
-0.47548,-0.35423,0.25130
-0.47548,-0.35423,0.25130
-0.47564,-0.35203,0.25236
-0.47564,-0.35203,0.25236
-0.47564,-0.35203,0.25236
-0.47564,-0.35203,0.25236
-0.47564,-0.35203,0.25236
-0.47574,-0.34983,0.25331
-0.47574,-0.34983,0.25331
-0.47574,-0.34983,0.25331
-0.47574,-0.34983,0.25331
-0.47574,-0.34983,0.25331
-0.47587,-0.34764,0.25440
-0.47587,-0.34764,0.25440
-0.47587,-0.34764,0.25440
-0.47587,-0.34764,0.25440
-0.47587,-0.34764,0.25440
-0.47605,-0.34544,0.25561
-0.47605,-0.34544,0.25561
-0.47605,-0.34544,0.25561
-0.47605,-0.34544,0.25561
-0.47605,-0.34544,0.25561
-0.47629,-0.34315,0.25683
-0.47629,-0.34315,0.25683
-0.47629,-0.34315,0.25683
-0.47629,-0.34315,0.25683
-0.47629,-0.34315,0.25683
-0.47648,-0.34080,0.25791
-0.47648,-0.34080,0.25791
-0.47648,-0.34080,0.25791
-0.47648,-0.34080,0.25791
-0.47648,-0.34080,0.25791
-0.47661,-0.33849,0.25896
-0.47661,-0.33849,0.25896
-0.47661,-0.33849,0.25896
-0.47661,-0.33849,0.25896
-0.47661,-0.33849,0.25896
-0.47673,-0.33629,0.26015
-0.47673,-0.33629,0.26015
-0.47673,-0.33629,0.26015
-0.47673,-0.33629,0.26015
-0.47673,-0.33629,0.26015
-0.47684,-0.33410,0.26143
-0.47684,-0.33410,0.26143
-0.47684,-0.33410,0.26143
-0.47684,-0.33410,0.26143
-0.47684,-0.33410,0.26143
-0.47698,-0.33187,0.26270
-0.47698,-0.33187,0.26270
-0.47698,-0.33187,0.26270
-0.47698,-0.33187,0.26270
-0.47698,-0.33187,0.26270
-0.47714,-0.32953,0.26380
-0.47714,-0.32953,0.26380
-0.47714,-0.32953,0.26380
-0.47714,-0.32953,0.26380
-0.47714,-0.32953,0.26380
-0.47729,-0.32722,0.26493
-0.47729,-0.32722,0.26493
-0.47729,-0.32722,0.26493
-0.47729,-0.32722,0.26493
-0.47729,-0.32722,0.26493
-0.47745,-0.32499,0.26625
-0.47745,-0.32499,0.26625
-0.47745,-0.32499,0.26625
-0.47745,-0.32499,0.26625
-0.47745,-0.32499,0.26625
-0.47757,-0.32284,0.26766
-0.47757,-0.32284,0.26766
-0.47757,-0.32284,0.26766
-0.47757,-0.32284,0.26766
-0.47757,-0.32284,0.26766
-0.47766,-0.32065,0.26892
-0.47766,-0.32065,0.26892
-0.47766,-0.32065,0.26892
-0.47766,-0.32065,0.26892
-0.47766,-0.32065,0.26892
-0.47775,-0.31838,0.27009
-0.47775,-0.31838,0.27009
-0.47775,-0.31838,0.27009
-0.47775,-0.31838,0.27009
-0.47775,-0.31838,0.27009
-0.47792,-0.31607,0.27137
-0.47792,-0.31607,0.27137
-0.47792,-0.31607,0.27137
-0.47792,-0.31607,0.27137
-0.47792,-0.31607,0.27137
-0.47808,-0.31381,0.27278
-0.47808,-0.31381,0.27278
-0.47808,-0.31381,0.27278
-0.47808,-0.31381,0.27278
-0.47808,-0.31381,0.27278
-0.47820,-0.31162,0.27423
-0.47820,-0.31162,0.27423
-0.47820,-0.31162,0.27423
-0.47820,-0.31162,0.27423
-0.47820,-0.31162,0.27423
-0.47825,-0.30946,0.27552
-0.47825,-0.30946,0.27552
-0.47825,-0.30946,0.27552
-0.47825,-0.30946,0.27552
-0.47825,-0.30946,0.27552
-0.47831,-0.30728,0.27678
-0.47831,-0.30728,0.27678
-0.47831,-0.30728,0.27678
-0.47831,-0.30728,0.27678
-0.47831,-0.30728,0.27678
-0.47842,-0.30505,0.27819
-0.47842,-0.30505,0.27819
-0.47842,-0.30505,0.27819
-0.47842,-0.30505,0.27819
-0.47842,-0.30505,0.27819
-0.47860,-0.30281,0.27972
-0.47860,-0.30281,0.27972
-0.47860,-0.30281,0.27972
-0.47860,-0.30281,0.27972
-0.47860,-0.30281,0.27972
-0.47874,-0.30060,0.28116
-0.47874,-0.30060,0.28116
-0.47874,-0.30060,0.28116
-0.47874,-0.30060,0.28116
-0.47874,-0.30060,0.28116
-0.47881,-0.29842,0.28247
-0.47881,-0.29842,0.28247
-0.47881,-0.29842,0.28247
-0.47881,-0.29842,0.28247
-0.47881,-0.29842,0.28247
-0.47885,-0.29629,0.28388
-0.47885,-0.29629,0.28388
-0.47885,-0.29629,0.28388
-0.47885,-0.29629,0.28388
-0.47885,-0.29629,0.28388
-0.47891,-0.29415,0.28541
-0.47891,-0.29415,0.28541
-0.47891,-0.29415,0.28541
-0.47891,-0.29415,0.28541
-0.47891,-0.29415,0.28541
-0.47901,-0.29195,0.28694
-0.47901,-0.29195,0.28694
-0.47901,-0.29195,0.28694
-0.47901,-0.29195,0.28694
-0.47901,-0.29195,0.28694
-0.47914,-0.28971,0.28835
-0.47914,-0.28971,0.28835
-0.47914,-0.28971,0.28835
-0.47914,-0.28971,0.28835
-0.47914,-0.28971,0.28835
-0.47923,-0.28751,0.28978
-0.47923,-0.28751,0.28978
-0.47923,-0.28751,0.28978
-0.47923,-0.28751,0.28978
-0.47923,-0.28751,0.28978
-0.47927,-0.28542,0.29134
-0.47927,-0.28542,0.29134
-0.47927,-0.28542,0.29134
-0.47927,-0.28542,0.29134
-0.47927,-0.28542,0.29134
-0.47929,-0.28335,0.29293
-0.47929,-0.28335,0.29293
-0.47929,-0.28335,0.29293
-0.47929,-0.28335,0.29293
-0.47929,-0.28335,0.29293
-0.47934,-0.28124,0.29440
-0.47934,-0.28124,0.29440
-0.47934,-0.28124,0.29440
-0.47934,-0.28124,0.29440
-0.47934,-0.28124,0.29440
-0.47941,-0.27904,0.29584
-0.47941,-0.27904,0.29584
-0.47941,-0.27904,0.29584
-0.47941,-0.27904,0.29584
-0.47941,-0.27904,0.29584
-0.47953,-0.27686,0.29745
-0.47953,-0.27686,0.29745
-0.47953,-0.27686,0.29745
-0.47953,-0.27686,0.29745
-0.47953,-0.27686,0.29745
-0.47962,-0.27475,0.29914
-0.47962,-0.27475,0.29914
-0.47962,-0.27475,0.29914
-0.47962,-0.27475,0.29914
-0.47962,-0.27475,0.29914
-0.47964,-0.27266,0.30067
-0.47964,-0.27266,0.30067
-0.47964,-0.27266,0.30067
-0.47964,-0.27266,0.30067
-0.47964,-0.27266,0.30067
-0.47962,-0.27058,0.30210
-0.47962,-0.27058,0.30210
-0.47962,-0.27058,0.30210
-0.47962,-0.27058,0.30210
-0.47962,-0.27058,0.30210
-0.47965,-0.26849,0.30371
-0.47965,-0.26849,0.30371
-0.47965,-0.26849,0.30371
-0.47965,-0.26849,0.30371
-0.47965,-0.26849,0.30371
-0.47973,-0.26635,0.30543
-0.47973,-0.26635,0.30543
-0.47973,-0.26635,0.30543
-0.47973,-0.26635,0.30543
-0.47973,-0.26635,0.30543
-0.47981,-0.26421,0.30707
-0.47981,-0.26421,0.30707
-0.47981,-0.26421,0.30707
-0.47981,-0.26421,0.30707
-0.47981,-0.26421,0.30707
-0.47986,-0.26211,0.30859
-0.47986,-0.26211,0.30859
-0.47986,-0.26211,0.30859
-0.47986,-0.26211,0.30859
-0.47986,-0.26211,0.30859
-0.47984,-0.26007,0.31014
-0.47984,-0.26007,0.31014
-0.47984,-0.26007,0.31014
-0.47984,-0.26007,0.31014
-0.47984,-0.26007,0.31014
-0.47983,-0.25805,0.31187
-0.47983,-0.25805,0.31187
-0.47983,-0.25805,0.31187
-0.47983,-0.25805,0.31187
-0.47983,-0.25805,0.31187
-0.47984,-0.25599,0.31356
-0.47984,-0.25599,0.31356
-0.47984,-0.25599,0.31356
-0.47984,-0.25599,0.31356
-0.47984,-0.25599,0.31356
-0.47988,-0.25386,0.31511
-0.47988,-0.25386,0.31511
-0.47988,-0.25386,0.31511
-0.47988,-0.25386,0.31511
-0.47988,-0.25386,0.31511
-0.47990,-0.25175,0.31671
-0.47990,-0.25175,0.31671
-0.47990,-0.25175,0.31671
-0.47990,-0.25175,0.31671
-0.47990,-0.25175,0.31671
-0.47990,-0.24970,0.31846
-0.47990,-0.24970,0.31846
-0.47990,-0.24970,0.31846
-0.47990,-0.24970,0.31846
-0.47990,-0.24970,0.31846
-0.47988,-0.24772,0.32022
-0.47988,-0.24772,0.32022
-0.47988,-0.24772,0.32022
-0.47988,-0.24772,0.32022
-0.47988,-0.24772,0.32022
-0.47983,-0.24570,0.32179
-0.47983,-0.24570,0.32179
-0.47983,-0.24570,0.32179
-0.47983,-0.24570,0.32179
-0.47983,-0.24570,0.32179
-0.47977,-0.24361,0.32332
-0.47977,-0.24361,0.32332
-0.47977,-0.24361,0.32332
-0.47977,-0.24361,0.32332
-0.47977,-0.24361,0.32332
-0.47975,-0.24149,0.32509
-0.47975,-0.24149,0.32509
-0.47975,-0.24149,0.32509
-0.47975,-0.24149,0.32509
-0.47975,-0.24149,0.32509
-0.47969,-0.23939,0.32692
-0.47969,-0.23939,0.32692
-0.47969,-0.23939,0.32692
-0.47969,-0.23939,0.32692
-0.47969,-0.23939,0.32692
-0.47960,-0.23735,0.32856
-0.47960,-0.23735,0.32856
-0.47960,-0.23735,0.32856
-0.47960,-0.23735,0.32856
-0.47960,-0.23735,0.32856
-0.47950,-0.23535,0.33018
-0.47950,-0.23535,0.33018
-0.47950,-0.23535,0.33018
-0.47950,-0.23535,0.33018
-0.47950,-0.23535,0.33018
-0.47941,-0.23334,0.33195
-0.47941,-0.23334,0.33195
-0.47941,-0.23334,0.33195
-0.47941,-0.23334,0.33195
-0.47941,-0.23334,0.33195
-0.47937,-0.23129,0.33382
-0.47937,-0.23129,0.33382
-0.47937,-0.23129,0.33382
-0.47937,-0.23129,0.33382
-0.47937,-0.23129,0.33382
-0.47937,-0.22921,0.33560
-0.47937,-0.22921,0.33560
-0.47937,-0.22921,0.33560
-0.47937,-0.22921,0.33560
-0.47937,-0.22921,0.33560
-0.47934,-0.22716,0.33725
-0.47934,-0.22716,0.33725
-0.47934,-0.22716,0.33725
-0.47934,-0.22716,0.33725
-0.47934,-0.22716,0.33725
-0.47932,-0.22517,0.33905
-0.47932,-0.22517,0.33905
-0.47932,-0.22517,0.33905
-0.47932,-0.22517,0.33905
-0.47932,-0.22517,0.33905
-0.47933,-0.22325,0.34102
-0.47933,-0.22325,0.34102
-0.47933,-0.22325,0.34102
-0.47933,-0.22325,0.34102
-0.47933,-0.22325,0.34102
-0.47933,-0.22130,0.34285
-0.47933,-0.22130,0.34285
-0.47933,-0.22130,0.34285
-0.47933,-0.22130,0.34285
-0.47933,-0.22130,0.34285
-0.47936,-0.21926,0.34460
-0.47936,-0.21926,0.34460
-0.47936,-0.21926,0.34460
-0.47936,-0.21926,0.34460
-0.47936,-0.21926,0.34460
-0.47939,-0.21720,0.34640
-0.47939,-0.21720,0.34640
-0.47939,-0.21720,0.34640
-0.47939,-0.21720,0.34640
-0.47939,-0.21720,0.34640
-0.47937,-0.21517,0.34831
-0.47937,-0.21517,0.34831
-0.47937,-0.21517,0.34831
-0.47937,-0.21517,0.34831
-0.47937,-0.21517,0.34831
-0.47934,-0.21323,0.35024
-0.47934,-0.21323,0.35024
-0.47934,-0.21323,0.35024
-0.47934,-0.21323,0.35024
-0.47934,-0.21323,0.35024
-0.47929,-0.21129,0.35197
-0.47929,-0.21129,0.35197
-0.47929,-0.21129,0.35197
-0.47929,-0.21129,0.35197
-0.47929,-0.21129,0.35197
-0.47925,-0.20929,0.35368
-0.47925,-0.20929,0.35368
-0.47925,-0.20929,0.35368
-0.47925,-0.20929,0.35368
-0.47925,-0.20929,0.35368
-0.47927,-0.20720,0.35551
-0.47927,-0.20720,0.35551
-0.47927,-0.20720,0.35551
-0.47927,-0.20720,0.35551
-0.47927,-0.20720,0.35551
-0.47927,-0.20516,0.35741
-0.47927,-0.20516,0.35741
-0.47927,-0.20516,0.35741
-0.47927,-0.20516,0.35741
-0.47927,-0.20516,0.35741
-0.47924,-0.20316,0.35922
-0.47924,-0.20316,0.35922
-0.47924,-0.20316,0.35922
-0.47924,-0.20316,0.35922
-0.47924,-0.20316,0.35922
-0.47922,-0.20120,0.36095
-0.47922,-0.20120,0.36095
-0.47922,-0.20120,0.36095
-0.47922,-0.20120,0.36095
-0.47922,-0.20120,0.36095
-0.47922,-0.19923,0.36272
-0.47922,-0.19923,0.36272
-0.47922,-0.19923,0.36272
-0.47922,-0.19923,0.36272
-0.47922,-0.19923,0.36272
-0.47927,-0.19722,0.36460
-0.47927,-0.19722,0.36460
-0.47927,-0.19722,0.36460
-0.47927,-0.19722,0.36460
-0.47927,-0.19722,0.36460
-0.47934,-0.19516,0.36649
-0.47934,-0.19516,0.36649
-0.47934,-0.19516,0.36649
-0.47934,-0.19516,0.36649
-0.47934,-0.19516,0.36649
-0.47941,-0.19312,0.36826
-0.47941,-0.19312,0.36826
-0.47941,-0.19312,0.36826
-0.47941,-0.19312,0.36826
-0.47941,-0.19312,0.36826
-0.47945,-0.19114,0.36999
-0.47945,-0.19114,0.36999
-0.47945,-0.19114,0.36999
-0.47945,-0.19114,0.36999
-0.47945,-0.19114,0.36999
-0.47947,-0.18918,0.37179
-0.47947,-0.18918,0.37179
-0.47947,-0.18918,0.37179
-0.47947,-0.18918,0.37179
-0.47947,-0.18918,0.37179
-0.47950,-0.18720,0.37364
-0.47950,-0.18720,0.37364
-0.47950,-0.18720,0.37364
-0.47950,-0.18720,0.37364
-0.47950,-0.18720,0.37364
-0.47955,-0.18509,0.37545
-0.47955,-0.18509,0.37545
-0.47955,-0.18509,0.37545
-0.47955,-0.18509,0.37545
-0.47955,-0.18509,0.37545
-0.47961,-0.18297,0.37719
-0.47961,-0.18297,0.37719
-0.47961,-0.18297,0.37719
-0.47961,-0.18297,0.37719
-0.47961,-0.18297,0.37719
-0.47965,-0.18091,0.37888
-0.47965,-0.18091,0.37888
-0.47965,-0.18091,0.37888
-0.47965,-0.18091,0.37888
-0.47965,-0.18091,0.37888
-0.47967,-0.17891,0.38063
-0.47967,-0.17891,0.38063
-0.47967,-0.17891,0.38063
-0.47967,-0.17891,0.38063
-0.47967,-0.17891,0.38063
-0.47969,-0.17692,0.38243
-0.47969,-0.17692,0.38243
-0.47969,-0.17692,0.38243
-0.47969,-0.17692,0.38243
-0.47969,-0.17692,0.38243
-0.47976,-0.17483,0.38421
-0.47976,-0.17483,0.38421
-0.47976,-0.17483,0.38421
-0.47976,-0.17483,0.38421
-0.47976,-0.17483,0.38421
-0.47985,-0.17267,0.38589
-0.47985,-0.17267,0.38589
-0.47985,-0.17267,0.38589
-0.47985,-0.17267,0.38589
-0.47985,-0.17267,0.38589
-0.47992,-0.17056,0.38754
-0.47992,-0.17056,0.38754
-0.47992,-0.17056,0.38754
-0.47992,-0.17056,0.38754
-0.47992,-0.17056,0.38754
-0.47997,-0.16854,0.38921
-0.47997,-0.16854,0.38921
-0.47997,-0.16854,0.38921
-0.47997,-0.16854,0.38921
-0.47997,-0.16854,0.38921
-0.48004,-0.16654,0.39094
-0.48004,-0.16654,0.39094
-0.48004,-0.16654,0.39094
-0.48004,-0.16654,0.39094
-0.48004,-0.16654,0.39094
-0.48014,-0.16443,0.39269
-0.48014,-0.16443,0.39269
-0.48014,-0.16443,0.39269
-0.48014,-0.16443,0.39269
-0.48014,-0.16443,0.39269
-0.48027,-0.16221,0.39437
-0.48027,-0.16221,0.39437
-0.48027,-0.16221,0.39437
-0.48027,-0.16221,0.39437
-0.48027,-0.16221,0.39437
-0.48037,-0.16005,0.39600
-0.48037,-0.16005,0.39600
-0.48037,-0.16005,0.39600
-0.48037,-0.16005,0.39600
-0.48037,-0.16005,0.39600
-0.48044,-0.15797,0.39761
-0.48044,-0.15797,0.39761
-0.48044,-0.15797,0.39761
-0.48044,-0.15797,0.39761
-0.48044,-0.15797,0.39761
-0.48050,-0.15591,0.39922
-0.48050,-0.15591,0.39922
-0.48050,-0.15591,0.39922
-0.48050,-0.15591,0.39922
-0.48050,-0.15591,0.39922
-0.48060,-0.15375,0.40087
-0.48060,-0.15375,0.40087
-0.48060,-0.15375,0.40087
-0.48060,-0.15375,0.40087
-0.48060,-0.15375,0.40087
-0.48073,-0.15149,0.40251
-0.48073,-0.15149,0.40251
-0.48073,-0.15149,0.40251
-0.48073,-0.15149,0.40251
-0.48073,-0.15149,0.40251
-0.48083,-0.14927,0.40408
-0.48083,-0.14927,0.40408
-0.48083,-0.14927,0.40408
-0.48083,-0.14927,0.40408
-0.48083,-0.14927,0.40408
-0.48090,-0.14714,0.40560
-0.48090,-0.14714,0.40560
-0.48090,-0.14714,0.40560
-0.48090,-0.14714,0.40560
-0.48090,-0.14714,0.40560
-0.48097,-0.14502,0.40711
-0.48097,-0.14502,0.40711
-0.48097,-0.14502,0.40711
-0.48097,-0.14502,0.40711
-0.48097,-0.14502,0.40711
-0.48109,-0.14279,0.40860
-0.48109,-0.14279,0.40860
-0.48109,-0.14279,0.40860
-0.48109,-0.14279,0.40860
-0.48109,-0.14279,0.40860
-0.48123,-0.14047,0.41010
-0.48123,-0.14047,0.41010
-0.48123,-0.14047,0.41010
-0.48123,-0.14047,0.41010
-0.48123,-0.14047,0.41010
-0.48133,-0.13820,0.41164
-0.48133,-0.13820,0.41164
-0.48133,-0.13820,0.41164
-0.48133,-0.13820,0.41164
-0.48133,-0.13820,0.41164
-0.48140,-0.13601,0.41313
-0.48140,-0.13601,0.41313
-0.48140,-0.13601,0.41313
-0.48140,-0.13601,0.41313
-0.48140,-0.13601,0.41313
-0.48147,-0.13380,0.41454
-0.48147,-0.13380,0.41454
-0.48147,-0.13380,0.41454
-0.48147,-0.13380,0.41454
-0.48147,-0.13380,0.41454
-0.48158,-0.13146,0.41592
-0.48158,-0.13146,0.41592
-0.48158,-0.13146,0.41592
-0.48158,-0.13146,0.41592
-0.48158,-0.13146,0.41592
-0.48170,-0.12908,0.41727
-0.48170,-0.12908,0.41727
-0.48170,-0.12908,0.41727
-0.48170,-0.12908,0.41727
-0.48170,-0.12908,0.41727
-0.48178,-0.12678,0.41860
-0.48178,-0.12678,0.41860
-0.48178,-0.12678,0.41860
-0.48178,-0.12678,0.41860
-0.48178,-0.12678,0.41860
-0.48185,-0.12454,0.41996
-0.48185,-0.12454,0.41996
-0.48185,-0.12454,0.41996
-0.48185,-0.12454,0.41996
-0.48185,-0.12454,0.41996
-0.48192,-0.12220,0.42133
-0.48192,-0.12220,0.42133
-0.48192,-0.12220,0.42133
-0.48192,-0.12220,0.42133
-0.48192,-0.12220,0.42133
-0.48202,-0.11977,0.42266
-0.48202,-0.11977,0.42266
-0.48202,-0.11977,0.42266
-0.48202,-0.11977,0.42266
-0.48202,-0.11977,0.42266
-0.48214,-0.11735,0.42390
-0.48214,-0.11735,0.42390
-0.48214,-0.11735,0.42390
-0.48214,-0.11735,0.42390
-0.48214,-0.11735,0.42390
-0.48222,-0.11502,0.42512
-0.48222,-0.11502,0.42512
-0.48222,-0.11502,0.42512
-0.48222,-0.11502,0.42512
-0.48222,-0.11502,0.42512
-0.48231,-0.11265,0.42629
-0.48231,-0.11265,0.42629
-0.48231,-0.11265,0.42629
-0.48231,-0.11265,0.42629
-0.48231,-0.11265,0.42629
-0.48241,-0.11023,0.42745
-0.48241,-0.11023,0.42745
-0.48241,-0.11023,0.42745
-0.48241,-0.11023,0.42745
-0.48241,-0.11023,0.42745
-0.48250,-0.10772,0.42862
-0.48250,-0.10772,0.42862
-0.48250,-0.10772,0.42862
-0.48250,-0.10772,0.42862
-0.48250,-0.10772,0.42862
-0.48257,-0.10529,0.42980
-0.48257,-0.10529,0.42980
-0.48257,-0.10529,0.42980
-0.48257,-0.10529,0.42980
-0.48257,-0.10529,0.42980
-0.48263,-0.10284,0.43097
-0.48263,-0.10284,0.43097
-0.48263,-0.10284,0.43097
-0.48263,-0.10284,0.43097
-0.48263,-0.10284,0.43097
-0.48271,-0.10038,0.43207
-0.48271,-0.10038,0.43207
-0.48271,-0.10038,0.43207
-0.48271,-0.10038,0.43207
-0.48271,-0.10038,0.43207
-0.48280,-0.09786,0.43311
-0.48280,-0.09786,0.43311
-0.48280,-0.09786,0.43311
-0.48280,-0.09786,0.43311
-0.48280,-0.09786,0.43311
-0.48288,-0.09535,0.43412
-0.48288,-0.09535,0.43412
-0.48288,-0.09535,0.43412
-0.48288,-0.09535,0.43412
-0.48288,-0.09535,0.43412
-0.48294,-0.09281,0.43511
-0.48294,-0.09281,0.43511
-0.48294,-0.09281,0.43511
-0.48294,-0.09281,0.43511
-0.48294,-0.09281,0.43511
-0.48301,-0.09025,0.43606
-0.48301,-0.09025,0.43606
-0.48301,-0.09025,0.43606
-0.48301,-0.09025,0.43606
-0.48301,-0.09025,0.43606
-0.48308,-0.08768,0.43700
-0.48308,-0.08768,0.43700
-0.48308,-0.08768,0.43700
-0.48308,-0.08768,0.43700
-0.48308,-0.08768,0.43700
-0.48313,-0.08514,0.43793
-0.48313,-0.08514,0.43793
-0.48313,-0.08514,0.43793
-0.48313,-0.08514,0.43793
-0.48313,-0.08514,0.43793
-0.48320,-0.08256,0.43885
-0.48320,-0.08256,0.43885
-0.48320,-0.08256,0.43885
-0.48320,-0.08256,0.43885
-0.48320,-0.08256,0.43885
-0.48326,-0.07994,0.43974
-0.48326,-0.07994,0.43974
-0.48326,-0.07994,0.43974
-0.48326,-0.07994,0.43974
-0.48326,-0.07994,0.43974
-0.48334,-0.07732,0.44059
-0.48334,-0.07732,0.44059
-0.48334,-0.07732,0.44059
-0.48334,-0.07732,0.44059
-0.48334,-0.07732,0.44059
-0.48342,-0.07473,0.44140
-0.48342,-0.07473,0.44140
-0.48342,-0.07473,0.44140
-0.48342,-0.07473,0.44140
-0.48342,-0.07473,0.44140
-0.48349,-0.07208,0.44220
-0.48349,-0.07208,0.44220
-0.48349,-0.07208,0.44220
-0.48349,-0.07208,0.44220
-0.48349,-0.07208,0.44220
-0.48357,-0.06941,0.44293
-0.48357,-0.06941,0.44293
-0.48357,-0.06941,0.44293
-0.48357,-0.06941,0.44293
-0.48357,-0.06941,0.44293
-0.48365,-0.06676,0.44363
-0.48365,-0.06676,0.44363
-0.48365,-0.06676,0.44363
-0.48365,-0.06676,0.44363
-0.48365,-0.06676,0.44363
-0.48370,-0.06413,0.44429
-0.48370,-0.06413,0.44429
-0.48370,-0.06413,0.44429
-0.48370,-0.06413,0.44429
-0.48370,-0.06413,0.44429
-0.48377,-0.06146,0.44492
-0.48377,-0.06146,0.44492
-0.48377,-0.06146,0.44492
-0.48377,-0.06146,0.44492
-0.48377,-0.06146,0.44492
-0.48383,-0.05876,0.44553
-0.48383,-0.05876,0.44553
-0.48383,-0.05876,0.44553
-0.48383,-0.05876,0.44553
-0.48383,-0.05876,0.44553
-0.48388,-0.05608,0.44610
-0.48388,-0.05608,0.44610
-0.48388,-0.05608,0.44610
-0.48388,-0.05608,0.44610
-0.48388,-0.05608,0.44610
-0.48394,-0.05340,0.44663
-0.48394,-0.05340,0.44663
-0.48394,-0.05340,0.44663
-0.48394,-0.05340,0.44663
-0.48394,-0.05340,0.44663
-0.48400,-0.05070,0.44717
-0.48400,-0.05070,0.44717
-0.48400,-0.05070,0.44717
-0.48400,-0.05070,0.44717
-0.48400,-0.05070,0.44717
-0.48405,-0.04798,0.44764
-0.48405,-0.04798,0.44764
-0.48405,-0.04798,0.44764
-0.48405,-0.04798,0.44764
-0.48405,-0.04798,0.44764
-0.48411,-0.04530,0.44808
-0.48411,-0.04530,0.44808
-0.48411,-0.04530,0.44808
-0.48411,-0.04530,0.44808
-0.48411,-0.04530,0.44808
-0.48418,-0.04259,0.44852
-0.48418,-0.04259,0.44852
-0.48418,-0.04259,0.44852
-0.48418,-0.04259,0.44852
-0.48418,-0.04259,0.44852
-0.48427,-0.03985,0.44893
-0.48427,-0.03985,0.44893
-0.48427,-0.03985,0.44893
-0.48427,-0.03985,0.44893
-0.48427,-0.03985,0.44893
-0.48436,-0.03711,0.44927
-0.48436,-0.03711,0.44927
-0.48436,-0.03711,0.44927
-0.48436,-0.03711,0.44927
-0.48436,-0.03711,0.44927
-0.48441,-0.03437,0.44957
-0.48441,-0.03437,0.44957
-0.48441,-0.03437,0.44957
-0.48441,-0.03437,0.44957
-0.48441,-0.03437,0.44957
-0.48444,-0.03163,0.44986
-0.48444,-0.03163,0.44986
-0.48444,-0.03163,0.44986
-0.48444,-0.03163,0.44986
-0.48444,-0.03163,0.44986
-0.48449,-0.02887,0.45008
-0.48449,-0.02887,0.45008
-0.48449,-0.02887,0.45008
-0.48449,-0.02887,0.45008
-0.48449,-0.02887,0.45008
-0.48456,-0.02612,0.45026
-0.48456,-0.02612,0.45026
-0.48456,-0.02612,0.45026
-0.48456,-0.02612,0.45026
-0.48456,-0.02612,0.45026
-0.48465,-0.02335,0.45043
-0.48465,-0.02335,0.45043
-0.48465,-0.02335,0.45043
-0.48465,-0.02335,0.45043
-0.48465,-0.02335,0.45043
-0.48474,-0.02057,0.45056
-0.48474,-0.02057,0.45056
-0.48474,-0.02057,0.45056
-0.48474,-0.02057,0.45056
-0.48474,-0.02057,0.45056
-0.48483,-0.01779,0.45064
-0.48483,-0.01779,0.45064
-0.48483,-0.01779,0.45064
-0.48483,-0.01779,0.45064
-0.48483,-0.01779,0.45064
-0.48491,-0.01500,0.45068
-0.48491,-0.01500,0.45068
-0.48491,-0.01500,0.45068
-0.48491,-0.01500,0.45068
-0.48491,-0.01500,0.45068
-0.48498,-0.01221,0.45070
-0.48498,-0.01221,0.45070
-0.48498,-0.01221,0.45070
-0.48498,-0.01221,0.45070
-0.48498,-0.01221,0.45070
-0.48505,-0.00942,0.45069
-0.48505,-0.00942,0.45069
-0.48505,-0.00942,0.45069
-0.48505,-0.00942,0.45069
-0.48505,-0.00942,0.45069
-0.48510,-0.00663,0.45067
-0.48510,-0.00663,0.45067
-0.48510,-0.00663,0.45067
-0.48510,-0.00663,0.45067
-0.48510,-0.00663,0.45067
-0.48514,-0.00383,0.45065
-0.48514,-0.00383,0.45065
-0.48514,-0.00383,0.45065
-0.48514,-0.00383,0.45065
-0.48514,-0.00383,0.45065
-0.48516,-0.00101,0.45062
-0.48516,-0.00101,0.45062
-0.48516,-0.00101,0.45062
-0.48516,-0.00101,0.45062
-0.48516,-0.00101,0.45062
-0.48517,0.00178,0.45057
-0.48517,0.00178,0.45057
-0.48517,0.00178,0.45057
-0.48517,0.00178,0.45057
-0.48517,0.00178,0.45057
-0.48516,0.00459,0.45053
-0.48516,0.00459,0.45053
-0.48516,0.00459,0.45053
-0.48516,0.00459,0.45053
-0.48516,0.00459,0.45053
-0.48514,0.00740,0.45049
-0.48514,0.00740,0.45049
-0.48514,0.00740,0.45049
-0.48514,0.00740,0.45049
-0.48514,0.00740,0.45049
-0.48511,0.01021,0.45043
-0.48511,0.01021,0.45043
-0.48511,0.01021,0.45043
-0.48511,0.01021,0.45043
-0.48511,0.01021,0.45043
-0.48506,0.01301,0.45037
-0.48506,0.01301,0.45037
-0.48506,0.01301,0.45037
-0.48506,0.01301,0.45037
-0.48506,0.01301,0.45037
-0.48499,0.01582,0.45031
-0.48499,0.01582,0.45031
-0.48499,0.01582,0.45031
-0.48499,0.01582,0.45031
-0.48499,0.01582,0.45031
-0.48492,0.01863,0.45021
-0.48492,0.01863,0.45021
-0.48492,0.01863,0.45021
-0.48492,0.01863,0.45021
-0.48492,0.01863,0.45021
-0.48484,0.02142,0.45008
-0.48484,0.02142,0.45008
-0.48484,0.02142,0.45008
-0.48484,0.02142,0.45008
-0.48484,0.02142,0.45008
-0.48475,0.02421,0.44995
-0.48475,0.02421,0.44995
-0.48475,0.02421,0.44995
-0.48475,0.02421,0.44995
-0.48475,0.02421,0.44995
-0.48464,0.02701,0.44978
-0.48464,0.02701,0.44978
-0.48464,0.02701,0.44978
-0.48464,0.02701,0.44978
-0.48464,0.02701,0.44978
-0.48453,0.02979,0.44958
-0.48453,0.02979,0.44958
-0.48453,0.02979,0.44958
-0.48453,0.02979,0.44958
-0.48453,0.02979,0.44958
-0.48440,0.03257,0.44935
-0.48440,0.03257,0.44935
-0.48440,0.03257,0.44935
-0.48440,0.03257,0.44935
-0.48440,0.03257,0.44935
-0.48427,0.03535,0.44910
-0.48427,0.03535,0.44910
-0.48427,0.03535,0.44910
-0.48427,0.03535,0.44910
-0.48427,0.03535,0.44910
-0.48413,0.03811,0.44879
-0.48413,0.03811,0.44879
-0.48413,0.03811,0.44879
-0.48413,0.03811,0.44879
-0.48413,0.03811,0.44879
-0.48399,0.04086,0.44845
-0.48399,0.04086,0.44845
-0.48399,0.04086,0.44845
-0.48399,0.04086,0.44845
-0.48399,0.04086,0.44845
-0.48384,0.04361,0.44810
-0.48384,0.04361,0.44810
-0.48384,0.04361,0.44810
-0.48384,0.04361,0.44810
-0.48384,0.04361,0.44810
-0.48368,0.04635,0.44773
-0.48368,0.04635,0.44773
-0.48368,0.04635,0.44773
-0.48368,0.04635,0.44773
-0.48368,0.04635,0.44773
-0.48352,0.04907,0.44730
-0.48352,0.04907,0.44730
-0.48352,0.04907,0.44730
-0.48352,0.04907,0.44730
-0.48352,0.04907,0.44730
-0.48336,0.05179,0.44684
-0.48336,0.05179,0.44684
-0.48336,0.05179,0.44684
-0.48336,0.05179,0.44684
-0.48336,0.05179,0.44684
-0.48318,0.05451,0.44638
-0.48318,0.05451,0.44638
-0.48318,0.05451,0.44638
-0.48318,0.05451,0.44638
-0.48318,0.05451,0.44638
-0.48302,0.05721,0.44588
-0.48302,0.05721,0.44588
-0.48302,0.05721,0.44588
-0.48302,0.05721,0.44588
-0.48302,0.05721,0.44588
-0.48284,0.05989,0.44535
-0.48284,0.05989,0.44535
-0.48284,0.05989,0.44535
-0.48284,0.05989,0.44535
-0.48284,0.05989,0.44535
-0.48265,0.06256,0.44480
-0.48265,0.06256,0.44480
-0.48265,0.06256,0.44480
-0.48265,0.06256,0.44480
-0.48265,0.06256,0.44480
-0.48246,0.06523,0.44422
-0.48246,0.06523,0.44422
-0.48246,0.06523,0.44422
-0.48246,0.06523,0.44422
-0.48246,0.06523,0.44422
-0.48227,0.06787,0.44360
-0.48227,0.06787,0.44360
-0.48227,0.06787,0.44360
-0.48227,0.06787,0.44360
-0.48227,0.06787,0.44360
-0.48206,0.07049,0.44298
-0.48206,0.07049,0.44298
-0.48206,0.07049,0.44298
-0.48206,0.07049,0.44298
-0.48206,0.07049,0.44298
-0.48186,0.07312,0.44229
-0.48186,0.07312,0.44229
-0.48186,0.07312,0.44229
-0.48186,0.07312,0.44229
-0.48186,0.07312,0.44229
-0.48166,0.07574,0.44156
-0.48166,0.07574,0.44156
-0.48166,0.07574,0.44156
-0.48166,0.07574,0.44156
-0.48166,0.07574,0.44156
-0.48145,0.07831,0.44082
-0.48145,0.07831,0.44082
-0.48145,0.07831,0.44082
-0.48145,0.07831,0.44082
-0.48145,0.07831,0.44082
-0.48124,0.08089,0.44003
-0.48124,0.08089,0.44003
-0.48124,0.08089,0.44003
-0.48124,0.08089,0.44003
-0.48124,0.08089,0.44003
-0.48103,0.08347,0.43920
-0.48103,0.08347,0.43920
-0.48103,0.08347,0.43920
-0.48103,0.08347,0.43920
-0.48103,0.08347,0.43920
-0.48083,0.08601,0.43832
-0.48083,0.08601,0.43832
-0.48083,0.08601,0.43832
-0.48083,0.08601,0.43832
-0.48083,0.08601,0.43832
-0.48062,0.08852,0.43745
-0.48062,0.08852,0.43745
-0.48062,0.08852,0.43745
-0.48062,0.08852,0.43745
-0.48062,0.08852,0.43745
-0.48041,0.09104,0.43657
-0.48041,0.09104,0.43657
-0.48041,0.09104,0.43657
-0.48041,0.09104,0.43657
-0.48041,0.09104,0.43657
-0.48019,0.09356,0.43566
-0.48019,0.09356,0.43566
-0.48019,0.09356,0.43566
-0.48019,0.09356,0.43566
-0.48019,0.09356,0.43566
-0.47999,0.09603,0.43473
-0.47999,0.09603,0.43473
-0.47999,0.09603,0.43473
-0.47999,0.09603,0.43473
-0.47999,0.09603,0.43473
-0.47979,0.09848,0.43379
-0.47979,0.09848,0.43379
-0.47979,0.09848,0.43379
-0.47979,0.09848,0.43379
-0.47979,0.09848,0.43379
-0.47962,0.10095,0.43282
-0.47962,0.10095,0.43282
-0.47962,0.10095,0.43282
-0.47962,0.10095,0.43282
-0.47962,0.10095,0.43282
-0.47949,0.10342,0.43177
-0.47949,0.10342,0.43177
-0.47949,0.10342,0.43177
-0.47949,0.10342,0.43177
-0.47949,0.10342,0.43177
-0.47937,0.10583,0.43070
-0.47937,0.10583,0.43070
-0.47937,0.10583,0.43070
-0.47937,0.10583,0.43070
-0.47937,0.10583,0.43070
-0.47927,0.10823,0.42961
-0.47927,0.10823,0.42961
-0.47927,0.10823,0.42961
-0.47927,0.10823,0.42961
-0.47927,0.10823,0.42961
-0.47916,0.11066,0.42845
-0.47916,0.11066,0.42845
-0.47916,0.11066,0.42845
-0.47916,0.11066,0.42845
-0.47916,0.11066,0.42845
-0.47906,0.11307,0.42727
-0.47906,0.11307,0.42727
-0.47906,0.11307,0.42727
-0.47906,0.11307,0.42727
-0.47906,0.11307,0.42727
-0.47892,0.11542,0.42610
-0.47892,0.11542,0.42610
-0.47892,0.11542,0.42610
-0.47892,0.11542,0.42610
-0.47892,0.11542,0.42610
-0.47877,0.11775,0.42495
-0.47877,0.11775,0.42495
-0.47877,0.11775,0.42495
-0.47877,0.11775,0.42495
-0.47877,0.11775,0.42495
-0.47859,0.12009,0.42374
-0.47859,0.12009,0.42374
-0.47859,0.12009,0.42374
-0.47859,0.12009,0.42374
-0.47859,0.12009,0.42374
-0.47842,0.12243,0.42248
-0.47842,0.12243,0.42248
-0.47842,0.12243,0.42248
-0.47842,0.12243,0.42248
-0.47842,0.12243,0.42248
-0.47826,0.12471,0.42118
-0.47826,0.12471,0.42118
-0.47826,0.12471,0.42118
-0.47826,0.12471,0.42118
-0.47826,0.12471,0.42118
-0.47809,0.12696,0.41985
-0.47809,0.12696,0.41985
-0.47809,0.12696,0.41985
-0.47809,0.12696,0.41985
-0.47809,0.12696,0.41985
-0.47793,0.12927,0.41846
-0.47793,0.12927,0.41846
-0.47793,0.12927,0.41846
-0.47793,0.12927,0.41846
-0.47793,0.12927,0.41846
-0.47777,0.13156,0.41708
-0.47777,0.13156,0.41708
-0.47777,0.13156,0.41708
-0.47777,0.13156,0.41708
-0.47777,0.13156,0.41708
-0.47762,0.13380,0.41575
-0.47762,0.13380,0.41575
-0.47762,0.13380,0.41575
-0.47762,0.13380,0.41575
-0.47762,0.13380,0.41575
-0.47747,0.13601,0.41442
-0.47747,0.13601,0.41442
-0.47747,0.13601,0.41442
-0.47747,0.13601,0.41442
-0.47747,0.13601,0.41442
-0.47734,0.13826,0.41305
-0.47734,0.13826,0.41305
-0.47734,0.13826,0.41305
-0.47734,0.13826,0.41305
-0.47734,0.13826,0.41305
-0.47720,0.14051,0.41162
-0.47720,0.14051,0.41162
-0.47720,0.14051,0.41162
-0.47720,0.14051,0.41162
-0.47720,0.14051,0.41162
-0.47706,0.14274,0.41015
-0.47706,0.14274,0.41015
-0.47706,0.14274,0.41015
-0.47706,0.14274,0.41015
-0.47706,0.14274,0.41015
-0.47693,0.14491,0.40866
-0.47693,0.14491,0.40866
-0.47693,0.14491,0.40866
-0.47693,0.14491,0.40866
-0.47693,0.14491,0.40866
-0.47680,0.14709,0.40718
-0.47680,0.14709,0.40718
-0.47680,0.14709,0.40718
-0.47680,0.14709,0.40718
-0.47680,0.14709,0.40718
-0.47664,0.14929,0.40575
-0.47664,0.14929,0.40575
-0.47664,0.14929,0.40575
-0.47664,0.14929,0.40575
-0.47664,0.14929,0.40575
-0.47647,0.15148,0.40431
-0.47647,0.15148,0.40431
-0.47647,0.15148,0.40431
-0.47647,0.15148,0.40431
-0.47647,0.15148,0.40431
-0.47631,0.15363,0.40281
-0.47631,0.15363,0.40281
-0.47631,0.15363,0.40281
-0.47631,0.15363,0.40281
-0.47631,0.15363,0.40281
-0.47614,0.15574,0.40129
-0.47614,0.15574,0.40129
-0.47614,0.15574,0.40129
-0.47614,0.15574,0.40129
-0.47614,0.15574,0.40129
-0.47596,0.15787,0.39972
-0.47596,0.15787,0.39972
-0.47596,0.15787,0.39972
-0.47596,0.15787,0.39972
-0.47596,0.15787,0.39972
-0.47578,0.16002,0.39811
-0.47578,0.16002,0.39811
-0.47578,0.16002,0.39811
-0.47578,0.16002,0.39811
-0.47578,0.16002,0.39811
-0.47558,0.16214,0.39655
-0.47558,0.16214,0.39655
-0.47558,0.16214,0.39655
-0.47558,0.16214,0.39655
-0.47558,0.16214,0.39655
-0.47538,0.16421,0.39504
-0.47538,0.16421,0.39504
-0.47538,0.16421,0.39504
-0.47538,0.16421,0.39504
-0.47538,0.16421,0.39504
-0.47520,0.16625,0.39351
-0.47520,0.16625,0.39351
-0.47520,0.16625,0.39351
-0.47520,0.16625,0.39351
-0.47520,0.16625,0.39351
-0.47500,0.16837,0.39193
-0.47500,0.16837,0.39193
-0.47500,0.16837,0.39193
-0.47500,0.16837,0.39193
-0.47500,0.16837,0.39193
-0.47481,0.17047,0.39030
-0.47481,0.17047,0.39030
-0.47481,0.17047,0.39030
-0.47481,0.17047,0.39030
-0.47481,0.17047,0.39030
-0.47463,0.17255,0.38865
-0.47463,0.17255,0.38865
-0.47463,0.17255,0.38865
-0.47463,0.17255,0.38865
-0.47463,0.17255,0.38865
-0.47448,0.17455,0.38706
-0.47448,0.17455,0.38706
-0.47448,0.17455,0.38706
-0.47448,0.17455,0.38706
-0.47448,0.17455,0.38706
-0.47432,0.17657,0.38551
-0.47432,0.17657,0.38551
-0.47432,0.17657,0.38551
-0.47432,0.17657,0.38551
-0.47432,0.17657,0.38551
-0.47413,0.17866,0.38395
-0.47413,0.17866,0.38395
-0.47413,0.17866,0.38395
-0.47413,0.17866,0.38395
-0.47413,0.17866,0.38395
-0.47393,0.18074,0.38232
-0.47393,0.18074,0.38232
-0.47393,0.18074,0.38232
-0.47393,0.18074,0.38232
-0.47393,0.18074,0.38232
-0.47374,0.18276,0.38065
-0.47374,0.18276,0.38065
-0.47374,0.18276,0.38065
-0.47374,0.18276,0.38065
-0.47374,0.18276,0.38065
-0.47356,0.18472,0.37896
-0.47356,0.18472,0.37896
-0.47356,0.18472,0.37896
-0.47356,0.18472,0.37896
-0.47356,0.18472,0.37896
-0.47339,0.18666,0.37732
-0.47339,0.18666,0.37732
-0.47339,0.18666,0.37732
-0.47339,0.18666,0.37732
-0.47339,0.18666,0.37732
-0.47319,0.18869,0.37570
-0.47319,0.18869,0.37570
-0.47319,0.18869,0.37570
-0.47319,0.18869,0.37570
-0.47319,0.18869,0.37570
-0.47297,0.19071,0.37405
-0.47297,0.19071,0.37405
-0.47297,0.19071,0.37405
-0.47297,0.19071,0.37405
-0.47297,0.19071,0.37405
-0.47273,0.19268,0.37235
-0.47273,0.19268,0.37235
-0.47273,0.19268,0.37235
-0.47273,0.19268,0.37235
-0.47273,0.19268,0.37235
-0.47251,0.19459,0.37062
-0.47251,0.19459,0.37062
-0.47251,0.19459,0.37062
-0.47251,0.19459,0.37062
-0.47251,0.19459,0.37062
-0.47230,0.19649,0.36889
-0.47230,0.19649,0.36889
-0.47230,0.19649,0.36889
-0.47230,0.19649,0.36889
-0.47230,0.19649,0.36889
-0.47208,0.19842,0.36720
-0.47208,0.19842,0.36720
-0.47208,0.19842,0.36720
-0.47208,0.19842,0.36720
-0.47208,0.19842,0.36720
-0.47187,0.20037,0.36555
-0.47187,0.20037,0.36555
-0.47187,0.20037,0.36555
-0.47187,0.20037,0.36555
-0.47187,0.20037,0.36555
-0.47166,0.20228,0.36384
-0.47166,0.20228,0.36384
-0.47166,0.20228,0.36384
-0.47166,0.20228,0.36384
-0.47166,0.20228,0.36384
-0.47145,0.20417,0.36209
-0.47145,0.20417,0.36209
-0.47145,0.20417,0.36209
-0.47145,0.20417,0.36209
-0.47145,0.20417,0.36209
-0.47126,0.20605,0.36034
-0.47126,0.20605,0.36034
-0.47126,0.20605,0.36034
-0.47126,0.20605,0.36034
-0.47126,0.20605,0.36034
-0.47108,0.20794,0.35863
-0.47108,0.20794,0.35863
-0.47108,0.20794,0.35863
-0.47108,0.20794,0.35863
-0.47108,0.20794,0.35863
-0.47090,0.20985,0.35697
-0.47090,0.20985,0.35697
-0.47090,0.20985,0.35697
-0.47090,0.20985,0.35697
-0.47090,0.20985,0.35697
-0.47073,0.21175,0.35532
-0.47073,0.21175,0.35532
-0.47073,0.21175,0.35532
-0.47073,0.21175,0.35532
-0.47073,0.21175,0.35532
-0.47053,0.21363,0.35357
-0.47053,0.21363,0.35357
-0.47053,0.21363,0.35357
-0.47053,0.21363,0.35357
-0.47053,0.21363,0.35357
-0.47032,0.21549,0.35180
-0.47032,0.21549,0.35180
-0.47032,0.21549,0.35180
-0.47032,0.21549,0.35180
-0.47032,0.21549,0.35180
-0.47011,0.21734,0.35005
-0.47011,0.21734,0.35005
-0.47011,0.21734,0.35005
-0.47011,0.21734,0.35005
-0.47011,0.21734,0.35005
-0.46990,0.21920,0.34836
-0.46990,0.21920,0.34836
-0.46990,0.21920,0.34836
-0.46990,0.21920,0.34836
-0.46990,0.21920,0.34836
-0.46970,0.22105,0.34670
-0.46970,0.22105,0.34670
-0.46970,0.22105,0.34670
-0.46970,0.22105,0.34670
-0.46970,0.22105,0.34670
-0.46950,0.22290,0.34496
-0.46950,0.22290,0.34496
-0.46950,0.22290,0.34496
-0.46950,0.22290,0.34496
-0.46950,0.22290,0.34496
-0.46928,0.22475,0.34317
-0.46928,0.22475,0.34317
-0.46928,0.22475,0.34317
-0.46928,0.22475,0.34317
-0.46928,0.22475,0.34317
-0.46906,0.22658,0.34139
-0.46906,0.22658,0.34139
-0.46906,0.22658,0.34139
-0.46906,0.22658,0.34139
-0.46906,0.22658,0.34139
-0.46887,0.22840,0.33969
-0.46887,0.22840,0.33969
-0.46887,0.22840,0.33969
-0.46887,0.22840,0.33969
-0.46887,0.22840,0.33969
-0.46869,0.23027,0.33804
-0.46869,0.23027,0.33804
-0.46869,0.23027,0.33804
-0.46869,0.23027,0.33804
-0.46869,0.23027,0.33804
-0.46851,0.23212,0.33632
-0.46851,0.23212,0.33632
-0.46851,0.23212,0.33632
-0.46851,0.23212,0.33632
-0.46851,0.23212,0.33632
-0.46831,0.23397,0.33454
-0.46831,0.23397,0.33454
-0.46831,0.23397,0.33454
-0.46831,0.23397,0.33454
-0.46831,0.23397,0.33454
-0.46812,0.23581,0.33278
-0.46812,0.23581,0.33278
-0.46812,0.23581,0.33278
-0.46812,0.23581,0.33278
-0.46812,0.23581,0.33278
-0.46797,0.23764,0.33112
-0.46797,0.23764,0.33112
-0.46797,0.23764,0.33112
-0.46797,0.23764,0.33112
-0.46797,0.23764,0.33112
-0.46783,0.23946,0.32948
-0.46783,0.23946,0.32948
-0.46783,0.23946,0.32948
-0.46783,0.23946,0.32948
-0.46783,0.23946,0.32948
-0.46765,0.24132,0.32776
-0.46765,0.24132,0.32776
-0.46765,0.24132,0.32776
-0.46765,0.24132,0.32776
-0.46765,0.24132,0.32776
-0.46745,0.24316,0.32598
-0.46745,0.24316,0.32598
-0.46745,0.24316,0.32598
-0.46745,0.24316,0.32598
-0.46745,0.24316,0.32598
-0.46723,0.24502,0.32418
-0.46723,0.24502,0.32418
-0.46723,0.24502,0.32418
-0.46723,0.24502,0.32418
-0.46723,0.24502,0.32418
-0.46704,0.24683,0.32250
-0.46704,0.24683,0.32250
-0.46704,0.24683,0.32250
-0.46704,0.24683,0.32250
-0.46704,0.24683,0.32250
-0.46686,0.24863,0.32086
-0.46686,0.24863,0.32086
-0.46686,0.24863,0.32086
-0.46686,0.24863,0.32086
-0.46686,0.24863,0.32086
-0.46671,0.25044,0.31912
-0.46671,0.25044,0.31912
-0.46671,0.25044,0.31912
-0.46671,0.25044,0.31912
-0.46671,0.25044,0.31912
-0.46652,0.25230,0.31732
-0.46652,0.25230,0.31732
-0.46652,0.25230,0.31732
-0.46652,0.25230,0.31732
-0.46652,0.25230,0.31732
-0.46631,0.25417,0.31555
-0.46631,0.25417,0.31555
-0.46631,0.25417,0.31555
-0.46631,0.25417,0.31555
-0.46631,0.25417,0.31555
-0.46614,0.25602,0.31394
-0.46614,0.25602,0.31394
-0.46614,0.25602,0.31394
-0.46614,0.25602,0.31394
-0.46614,0.25602,0.31394
-0.46599,0.25785,0.31231
-0.46599,0.25785,0.31231
-0.46599,0.25785,0.31231
-0.46599,0.25785,0.31231
-0.46599,0.25785,0.31231
-0.46586,0.25967,0.31062
-0.46586,0.25967,0.31062
-0.46586,0.25967,0.31062
-0.46586,0.25967,0.31062
-0.46586,0.25967,0.31062
-0.46573,0.26152,0.30887
-0.46573,0.26152,0.30887
-0.46573,0.26152,0.30887
-0.46573,0.26152,0.30887
-0.46573,0.26152,0.30887
-0.46559,0.26339,0.30717
-0.46559,0.26339,0.30717
-0.46559,0.26339,0.30717
-0.46559,0.26339,0.30717
-0.46559,0.26339,0.30717
-0.46546,0.26526,0.30560
-0.46546,0.26526,0.30560
-0.46546,0.26526,0.30560
-0.46546,0.26526,0.30560
-0.46546,0.26526,0.30560
-0.46532,0.26713,0.30398
-0.46532,0.26713,0.30398
-0.46532,0.26713,0.30398
-0.46532,0.26713,0.30398
-0.46532,0.26713,0.30398
-0.46517,0.26898,0.30227
-0.46517,0.26898,0.30227
-0.46517,0.26898,0.30227
-0.46517,0.26898,0.30227
-0.46517,0.26898,0.30227
-0.46499,0.27080,0.30051
-0.46499,0.27080,0.30051
-0.46499,0.27080,0.30051
-0.46499,0.27080,0.30051
-0.46499,0.27080,0.30051
-0.46487,0.27264,0.29889
-0.46487,0.27264,0.29889
-0.46487,0.27264,0.29889
-0.46487,0.27264,0.29889
-0.46487,0.27264,0.29889
-0.46474,0.27447,0.29733
-0.46474,0.27447,0.29733
-0.46474,0.27447,0.29733
-0.46474,0.27447,0.29733
-0.46474,0.27447,0.29733
-0.46460,0.27636,0.29572
-0.46460,0.27636,0.29572
-0.46460,0.27636,0.29572
-0.46460,0.27636,0.29572
-0.46460,0.27636,0.29572
-0.46445,0.27828,0.29404
-0.46445,0.27828,0.29404
-0.46445,0.27828,0.29404
-0.46445,0.27828,0.29404
-0.46445,0.27828,0.29404
-0.46432,0.28021,0.29237
-0.46432,0.28021,0.29237
-0.46432,0.28021,0.29237
-0.46432,0.28021,0.29237
-0.46432,0.28021,0.29237
-0.46422,0.28210,0.29085
-0.46422,0.28210,0.29085
-0.46422,0.28210,0.29085
-0.46422,0.28210,0.29085
-0.46422,0.28210,0.29085
-0.46417,0.28396,0.28933
-0.46417,0.28396,0.28933
-0.46417,0.28396,0.28933
-0.46417,0.28396,0.28933
-0.46417,0.28396,0.28933
-0.46409,0.28583,0.28771
-0.46409,0.28583,0.28771
-0.46409,0.28583,0.28771
-0.46409,0.28583,0.28771
-0.46409,0.28583,0.28771
-0.46394,0.28776,0.28602
-0.46394,0.28776,0.28602
-0.46394,0.28776,0.28602
-0.46394,0.28776,0.28602
-0.46394,0.28776,0.28602
-0.46377,0.28973,0.28445
-0.46377,0.28973,0.28445
-0.46377,0.28973,0.28445
-0.46377,0.28973,0.28445
-0.46377,0.28973,0.28445
-0.46366,0.29169,0.28301
-0.46366,0.29169,0.28301
-0.46366,0.29169,0.28301
-0.46366,0.29169,0.28301
-0.46366,0.29169,0.28301
-0.46359,0.29361,0.28154
-0.46359,0.29361,0.28154
-0.46359,0.29361,0.28154
-0.46359,0.29361,0.28154
-0.46359,0.29361,0.28154
-0.46353,0.29552,0.27995
-0.46353,0.29552,0.27995
-0.46353,0.29552,0.27995
-0.46353,0.29552,0.27995
-0.46353,0.29552,0.27995
-0.46346,0.29745,0.27834
-0.46346,0.29745,0.27834
-0.46346,0.29745,0.27834
-0.46346,0.29745,0.27834
-0.46346,0.29745,0.27834
-0.46336,0.29941,0.27687
-0.46336,0.29941,0.27687
-0.46336,0.29941,0.27687
-0.46336,0.29941,0.27687
-0.46336,0.29941,0.27687
-0.46328,0.30143,0.27547
-0.46328,0.30143,0.27547
-0.46328,0.30143,0.27547
-0.46328,0.30143,0.27547
-0.46328,0.30143,0.27547
-0.46318,0.30344,0.27398
-0.46318,0.30344,0.27398
-0.46318,0.30344,0.27398
-0.46318,0.30344,0.27398
-0.46318,0.30344,0.27398
-0.46309,0.30545,0.27243
-0.46309,0.30545,0.27243
-0.46309,0.30545,0.27243
-0.46309,0.30545,0.27243
-0.46309,0.30545,0.27243
-0.46305,0.30746,0.27097
-0.46305,0.30746,0.27097
-0.46305,0.30746,0.27097
-0.46305,0.30746,0.27097
-0.46305,0.30746,0.27097
-0.46303,0.30943,0.26963
-0.46303,0.30943,0.26963
-0.46303,0.30943,0.26963
-0.46303,0.30943,0.26963
-0.46303,0.30943,0.26963
-0.46297,0.31139,0.26824
-0.46297,0.31139,0.26824
-0.46297,0.31139,0.26824
-0.46297,0.31139,0.26824
-0.46297,0.31139,0.26824
-0.46286,0.31345,0.26676
-0.46286,0.31345,0.26676
-0.46286,0.31345,0.26676
-0.46286,0.31345,0.26676
-0.46286,0.31345,0.26676
-0.46269,0.31554,0.26527
-0.46269,0.31554,0.26527
-0.46269,0.31554,0.26527
-0.46269,0.31554,0.26527
-0.46269,0.31554,0.26527
-0.46258,0.31765,0.26398
-0.46258,0.31765,0.26398
-0.46258,0.31765,0.26398
-0.46258,0.31765,0.26398
-0.46258,0.31765,0.26398
-0.46253,0.31968,0.26274
-0.46253,0.31968,0.26274
-0.46253,0.31968,0.26274
-0.46253,0.31968,0.26274
-0.46253,0.31968,0.26274
-0.46249,0.32169,0.26139
-0.46249,0.32169,0.26139
-0.46249,0.32169,0.26139
-0.46249,0.32169,0.26139
-0.46249,0.32169,0.26139
-0.46243,0.32372,0.25997
-0.46243,0.32372,0.25997
-0.46243,0.32372,0.25997
-0.46243,0.32372,0.25997
-0.46243,0.32372,0.25997
-0.46232,0.32586,0.25865
-0.46232,0.32586,0.25865
-0.46232,0.32586,0.25865
-0.46232,0.32586,0.25865
-0.46232,0.32586,0.25865
-0.46226,0.32809,0.25753
-0.46226,0.32809,0.25753
-0.46226,0.32809,0.25753
-0.46226,0.32809,0.25753
-0.46226,0.32809,0.25753
-0.46223,0.33028,0.25640
-0.46223,0.33028,0.25640
-0.46223,0.33028,0.25640
-0.46223,0.33028,0.25640
-0.46223,0.33028,0.25640
-0.46222,0.33243,0.25515
-0.46222,0.33243,0.25515
-0.46222,0.33243,0.25515
-0.46222,0.33243,0.25515
-0.46222,0.33243,0.25515
-0.46224,0.33461,0.25387
-0.46224,0.33461,0.25387
-0.46224,0.33461,0.25387
-0.46224,0.33461,0.25387
-0.46224,0.33461,0.25387
-0.46232,0.33683,0.25274
-0.46232,0.33683,0.25274
-0.46232,0.33683,0.25274
-0.46232,0.33683,0.25274
-0.46232,0.33683,0.25274
-0.46242,0.33911,0.25177
-0.46242,0.33911,0.25177
-0.46242,0.33911,0.25177
-0.46242,0.33911,0.25177
-0.46242,0.33911,0.25177
-0.46238,0.34138,0.25064
-0.46238,0.34138,0.25064
-0.46238,0.34138,0.25064
-0.46238,0.34138,0.25064
-0.46238,0.34138,0.25064
-0.46229,0.34365,0.24942
-0.46229,0.34365,0.24942
-0.46229,0.34365,0.24942
-0.46229,0.34365,0.24942
-0.46229,0.34365,0.24942
-0.46219,0.34593,0.24825
-0.46219,0.34593,0.24825
-0.46219,0.34593,0.24825
-0.46219,0.34593,0.24825
-0.46219,0.34593,0.24825
-0.46220,0.34820,0.24728
-0.46220,0.34820,0.24728
-0.46220,0.34820,0.24728
-0.46220,0.34820,0.24728
-0.46220,0.34820,0.24728
-0.46221,0.35040,0.24627
-0.46221,0.35040,0.24627
-0.46221,0.35040,0.24627
-0.46221,0.35040,0.24627
-0.46221,0.35040,0.24627
-0.46217,0.35263,0.24512
-0.46217,0.35263,0.24512
-0.46217,0.35263,0.24512
-0.46217,0.35263,0.24512
-0.46217,0.35263,0.24512
-0.46202,0.35497,0.24396
-0.46202,0.35497,0.24396
-0.46202,0.35497,0.24396
-0.46202,0.35497,0.24396
-0.46202,0.35497,0.24396
-0.46187,0.35740,0.24296
-0.46187,0.35740,0.24296
-0.46187,0.35740,0.24296
-0.46187,0.35740,0.24296
-0.46187,0.35740,0.24296
-0.46178,0.35976,0.24206
-0.46178,0.35976,0.24206
-0.46178,0.35976,0.24206
-0.46178,0.35976,0.24206
-0.46178,0.35976,0.24206
-0.46174,0.36206,0.24110
-0.46174,0.36206,0.24110
-0.46174,0.36206,0.24110
-0.46174,0.36206,0.24110
-0.46174,0.36206,0.24110
-0.46171,0.36435,0.24009
-0.46171,0.36435,0.24009
-0.46171,0.36435,0.24009
-0.46171,0.36435,0.24009
-0.46171,0.36435,0.24009
-0.46167,0.36672,0.23912
-0.46167,0.36672,0.23912
-0.46167,0.36672,0.23912
-0.46167,0.36672,0.23912
-0.46167,0.36672,0.23912
-0.46160,0.36912,0.23827
-0.46160,0.36912,0.23827
-0.46160,0.36912,0.23827
-0.46160,0.36912,0.23827
-0.46160,0.36912,0.23827
-0.46151,0.37157,0.23750
-0.46151,0.37157,0.23750
-0.46151,0.37157,0.23750
-0.46151,0.37157,0.23750
-0.46151,0.37157,0.23750
-0.46143,0.37400,0.23672
-0.46143,0.37400,0.23672
-0.46143,0.37400,0.23672
-0.46143,0.37400,0.23672
-0.46143,0.37400,0.23672
-0.46139,0.37646,0.23594
-0.46139,0.37646,0.23594
-0.46139,0.37646,0.23594
-0.46139,0.37646,0.23594
-0.46139,0.37646,0.23594
-0.46133,0.37883,0.23508
-0.46133,0.37883,0.23508
-0.46133,0.37883,0.23508
-0.46133,0.37883,0.23508
-0.46133,0.37883,0.23508
-0.46134,0.38121,0.23437
-0.46134,0.38121,0.23437
-0.46134,0.38121,0.23437
-0.46134,0.38121,0.23437
-0.46134,0.38121,0.23437
-0.46131,0.38366,0.23376
-0.46131,0.38366,0.23376
-0.46131,0.38366,0.23376
-0.46131,0.38366,0.23376
-0.46131,0.38366,0.23376
-0.46122,0.38620,0.23319
-0.46122,0.38620,0.23319
-0.46122,0.38620,0.23319
-0.46122,0.38620,0.23319
-0.46122,0.38620,0.23319
-0.46105,0.38871,0.23251
-0.46105,0.38871,0.23251
-0.46105,0.38871,0.23251
-0.46105,0.38871,0.23251
-0.46105,0.38871,0.23251
-0.46090,0.39120,0.23183
-0.46090,0.39120,0.23183
-0.46090,0.39120,0.23183
-0.46090,0.39120,0.23183
-0.46090,0.39120,0.23183
-0.46086,0.39366,0.23131
-0.46086,0.39366,0.23131
-0.46086,0.39366,0.23131
-0.46086,0.39366,0.23131
-0.46086,0.39366,0.23131
-0.46083,0.39611,0.23088
-0.46083,0.39611,0.23088
-0.46083,0.39611,0.23088
-0.46083,0.39611,0.23088
-0.46083,0.39611,0.23088
-0.46074,0.39859,0.23043
-0.46074,0.39859,0.23043
-0.46074,0.39859,0.23043
-0.46074,0.39859,0.23043
-0.46074,0.39859,0.23043
-0.46056,0.40116,0.22998
-0.46056,0.40116,0.22998
-0.46056,0.40116,0.22998
-0.46056,0.40116,0.22998
-0.46056,0.40116,0.22998
-0.46040,0.40374,0.22961
-0.46040,0.40374,0.22961
-0.46040,0.40374,0.22961
-0.46040,0.40374,0.22961
-0.46040,0.40374,0.22961
-0.46023,0.40615,0.22919
-0.46023,0.40615,0.22919
-0.46023,0.40615,0.22919
-0.46023,0.40615,0.22919
-0.46023,0.40615,0.22919
-0.46018,0.40844,0.22886
-0.46018,0.40844,0.22886
-0.46018,0.40844,0.22886
-0.46018,0.40844,0.22886
-0.46018,0.40844,0.22886
-0.46018,0.41060,0.22864
-0.46018,0.41060,0.22864
-0.46018,0.41060,0.22864
-0.46018,0.41060,0.22864
-0.46018,0.41060,0.22864
-0.46014,0.41266,0.22843
-0.46014,0.41266,0.22843
-0.46014,0.41266,0.22843
-0.46014,0.41266,0.22843
-0.46014,0.41266,0.22843
-0.45994,0.41458,0.22815
-0.45994,0.41458,0.22815
-0.45994,0.41458,0.22815
-0.45994,0.41458,0.22815
-0.45994,0.41458,0.22815
-0.45971,0.41634,0.22788
-0.45971,0.41634,0.22788
-0.45971,0.41634,0.22788
-0.45971,0.41634,0.22788
-0.45971,0.41634,0.22788
-0.45955,0.41783,0.22767
-0.45955,0.41783,0.22767
-0.45955,0.41783,0.22767
-0.45955,0.41783,0.22767
-0.45955,0.41783,0.22767
-0.45951,0.41907,0.22749
-0.45951,0.41907,0.22749
-0.45951,0.41907,0.22749
-0.45951,0.41907,0.22749
-0.45951,0.41907,0.22749
-0.45955,0.42007,0.22732
-0.45955,0.42007,0.22732
-0.45955,0.42007,0.22732
-0.45955,0.42007,0.22732
-0.45955,0.42007,0.22732
-0.45964,0.42093,0.22722
-0.45964,0.42093,0.22722
-0.45964,0.42093,0.22722
-0.45964,0.42093,0.22722
-0.45964,0.42093,0.22722
-0.45979,0.42168,0.22721
-0.45979,0.42168,0.22721
-0.45979,0.42168,0.22721
-0.45979,0.42168,0.22721
-0.45979,0.42168,0.22721
-0.46002,0.42234,0.22728
-0.46002,0.42234,0.22728
-0.46002,0.42234,0.22728
-0.46002,0.42234,0.22728
-0.46002,0.42234,0.22728
-0.46036,0.42292,0.22747
-0.46036,0.42292,0.22747
-0.46036,0.42292,0.22747
-0.46036,0.42292,0.22747
-0.46036,0.42292,0.22747
-0.46075,0.42340,0.22770
-0.46075,0.42340,0.22770
-0.46075,0.42340,0.22770
-0.46075,0.42340,0.22770
-0.46075,0.42340,0.22770
-0.46117,0.42377,0.22794
-0.46117,0.42377,0.22794
-0.46117,0.42377,0.22794
-0.46117,0.42377,0.22794
-0.46117,0.42377,0.22794
-0.46155,0.42413,0.22820
-0.46155,0.42413,0.22820
-0.46155,0.42413,0.22820
-0.46155,0.42413,0.22820
-0.46155,0.42413,0.22820
-0.46180,0.42441,0.22844
-0.46180,0.42441,0.22844
-0.46180,0.42441,0.22844
-0.46180,0.42441,0.22844
-0.46180,0.42441,0.22844
-0.46194,0.42468,0.22870
-0.46194,0.42468,0.22870
-0.46194,0.42468,0.22870
-0.46194,0.42468,0.22870
-0.46194,0.42468,0.22870
-0.46199,0.42486,0.22889
-0.46199,0.42486,0.22889
-0.46199,0.42486,0.22889
-0.46199,0.42486,0.22889
-0.46199,0.42486,0.22889
-0.46198,0.42490,0.22901
-0.46198,0.42490,0.22901
-0.46198,0.42490,0.22901
-0.46198,0.42490,0.22901
-0.46198,0.42490,0.22901
-0.46185,0.42491,0.22908
-0.46185,0.42491,0.22908
-0.46185,0.42491,0.22908
-0.46185,0.42491,0.22908
-0.46185,0.42491,0.22908
-0.46167,0.42495,0.22915
-0.46167,0.42495,0.22915
-0.46167,0.42495,0.22915
-0.46167,0.42495,0.22915
-0.46167,0.42495,0.22915
-0.46146,0.42498,0.22917
-0.46146,0.42498,0.22917
-0.46146,0.42498,0.22917
-0.46146,0.42498,0.22917
-0.46146,0.42498,0.22917
-0.46125,0.42502,0.22916
-0.46125,0.42502,0.22916
-0.46125,0.42502,0.22916
-0.46125,0.42502,0.22916
-0.46125,0.42502,0.22916
-0.46111,0.42508,0.22917
-0.46111,0.42508,0.22917
-0.46111,0.42508,0.22917
-0.46111,0.42508,0.22917
-0.46111,0.42508,0.22917
-0.46105,0.42513,0.22921
-0.46105,0.42513,0.22921
-0.46105,0.42513,0.22921
-0.46105,0.42513,0.22921
-0.46105,0.42513,0.22921
-0.46104,0.42517,0.22924
-0.46104,0.42517,0.22924
-0.46104,0.42517,0.22924
-0.46104,0.42517,0.22924
-0.46104,0.42517,0.22924
-0.46104,0.42520,0.22928
-0.46104,0.42520,0.22928
-0.46104,0.42520,0.22928
-0.46104,0.42520,0.22928
-0.46104,0.42520,0.22928
-0.46104,0.42522,0.22934
-0.46104,0.42522,0.22934
-0.46104,0.42522,0.22934
-0.46104,0.42522,0.22934
-0.46104,0.42522,0.22934
-0.46105,0.42523,0.22939
-0.46105,0.42523,0.22939
-0.46105,0.42523,0.22939
-0.46105,0.42523,0.22939
-0.46105,0.42523,0.22939
-0.46107,0.42522,0.22943
-0.46107,0.42522,0.22943
-0.46107,0.42522,0.22943
-0.46107,0.42522,0.22943
-0.46107,0.42522,0.22943
-0.46108,0.42521,0.22947
-0.46108,0.42521,0.22947
-0.46108,0.42521,0.22947
-0.46108,0.42521,0.22947
-0.46108,0.42521,0.22947
-0.46110,0.42520,0.22951
-0.46110,0.42520,0.22951
-0.46110,0.42520,0.22951
-0.46110,0.42520,0.22951
-0.46110,0.42520,0.22951
-0.46112,0.42519,0.22954
-0.46112,0.42519,0.22954
-0.46112,0.42519,0.22954
-0.46112,0.42519,0.22954
-0.46112,0.42519,0.22954
-0.46112,0.42519,0.22956
-0.46112,0.42519,0.22956
-0.46112,0.42519,0.22956
-0.46112,0.42519,0.22956
-0.46112,0.42519,0.22956
-0.46112,0.42519,0.22958
-0.46112,0.42519,0.22958
-0.46112,0.42519,0.22958
-0.46112,0.42519,0.22958
-0.46112,0.42519,0.22958
-0.46112,0.42519,0.22959
-0.46112,0.42519,0.22959
-0.46112,0.42519,0.22959
-0.46112,0.42519,0.22959
-0.46112,0.42519,0.22959
-0.46112,0.42519,0.22959
-0.46112,0.42519,0.22959
-0.46112,0.42519,0.22959
-0.46112,0.42519,0.22959
-0.46112,0.42519,0.22959
-0.46112,0.42519,0.22960
